--Timestamp---	Temp	Chill	HIndex	Humid	Dewpt	 Wind 	HiWind	WindDir	Rain 	Barom	Solar	 ET  	 UV 
--------------	----	-----	------	-----	-----	------	------	-------	-----	-----	-----	-----	----
20250627 00:00	15.7	15.7	15.7	48	4.7	6	17	333	0.0	732.1	-100000	-100000.000	-1.0
20250627 00:05	16.0	16.0	16.0	47	4.7	8	15	1	0.0	732.1	-100000	-100000.000	-1.0
20250627 00:10	15.6	15.6	15.6	46	4.0	9	20	351	0.0	731.8	-100000	-100000.000	-1.0
20250627 00:15	15.5	15.5	15.5	46	3.9	8	19	347	0.0	731.8	-100000	-100000.000	-1.0
20250627 00:20	15.8	15.8	15.8	45	3.9	9	22	343	0.0	731.8	-100000	-100000.000	-1.0
20250627 00:25	15.4	15.4	15.4	45	3.5	7	16	351	0.0	731.8	-100000	-100000.000	-1.0
20250627 00:30	15.5	15.5	15.5	43	3.0	8	18	358	0.0	731.8	-100000	-100000.000	-1.0
20250627 00:35	15.3	15.3	15.3	42	2.4	9	17	347	0.0	731.8	-100000	-100000.000	-1.0
20250627 00:40	15.0	15.0	15.0	42	2.2	9	19	352	0.0	731.8	-100000	-100000.000	-1.0
20250627 00:45	15.1	15.1	15.1	42	2.2	8	14	358	0.0	731.8	-100000	-100000.000	-1.0
20250627 00:50	14.9	14.9	14.9	39	1.1	7	13	10	0.0	731.8	-100000	-100000.000	-1.0
20250627 00:55	14.5	14.5	14.5	40	1.1	6	11	352	0.0	731.8	-100000	-100000.000	-1.0
20250627 01:00	14.7	14.7	14.7	39	0.9	6	12	352	0.0	731.8	-100000	-100000.000	-1.0
20250627 01:05	14.7	14.7	14.7	40	1.2	4	12	340	0.0	731.8	-100000	-100000.000	-1.0
20250627 01:10	14.8	14.8	14.8	40	1.3	3	8	357	0.0	731.8	-100000	-100000.000	-1.0
20250627 01:15	15.0	15.0	15.0	38	0.8	2	8	211	0.0	731.8	-100000	-100000.000	-1.0
20250627 01:20	15.4	15.4	15.4	35	0.0	2	7	234	0.0	731.8	-100000	-100000.000	-1.0
20250627 01:25	15.5	15.5	15.5	35	0.1	3	8	228	0.0	731.8	-100000	-100000.000	-1.0
20250627 01:30	15.5	15.5	15.5	34	-0.3	4	12	174	0.0	731.8	-100000	-100000.000	-1.0
20250627 01:35	15.2	15.2	15.2	35	-0.2	3	11	219	0.0	731.8	-100000	-100000.000	-1.0
20250627 01:40	15.1	15.1	15.1	35	-0.3	4	10	190	0.0	731.8	-100000	-100000.000	-1.0
20250627 01:45	14.7	14.7	14.7	35	-0.6	4	9	198	0.0	731.8	-100000	-100000.000	-1.0
20250627 01:50	14.4	14.4	14.4	35	-0.9	5	11	196	0.0	731.8	-100000	-100000.000	-1.0
20250627 01:55	14.3	14.3	14.3	36	-0.6	3	8	196	0.0	731.8	-100000	-100000.000	-1.0
20250627 02:00	14.3	14.3	14.3	36	-0.6	2	8	213	0.0	731.8	-100000	-100000.000	-1.0
20250627 02:05	14.3	14.3	14.3	36	-0.6	3	9	183	0.0	731.8	-100000	-100000.000	-1.0
20250627 02:10	14.0	14.0	14.0	36	-0.8	3	6	178	0.0	731.8	-100000	-100000.000	-1.0
20250627 02:15	13.8	13.8	13.8	36	-1.0	3	9	201	0.0	731.8	-100000	-100000.000	-1.0
20250627 02:20	13.7	13.7	13.7	36	-1.1	4	8	36	0.0	731.8	-100000	-100000.000	-1.0
20250627 02:25	13.5	13.5	13.5	39	-0.2	4	7	1	0.0	731.8	-100000	-100000.000	-1.0
20250627 02:30	13.4	13.4	13.4	39	-0.3	4	8	5	0.0	731.8	-100000	-100000.000	-1.0
20250627 02:35	13.3	13.3	13.3	39	-0.4	3	7	0	0.0	731.8	-100000	-100000.000	-1.0
20250627 02:40	13.2	13.2	13.2	39	-0.5	2	6	23	0.0	731.8	-100000	-100000.000	-1.0
20250627 02:45	13.2	13.2	13.2	39	-0.5	1	4	214	0.0	731.8	-100000	-100000.000	-1.0
20250627 02:50	13.1	13.1	13.1	39	-0.6	1	3	124	0.0	731.8	-100000	-100000.000	-1.0
20250627 02:55	12.7	12.7	12.7	38	-1.3	3	9	129	0.0	731.8	-100000	-100000.000	-1.0
20250627 03:00	12.4	12.4	12.4	38	-1.5	5	9	133	0.0	731.8	-100000	-100000.000	-1.0
20250627 03:05	12.2	12.2	12.2	38	-1.7	5	9	154	0.0	731.8	-100000	-100000.000	-1.0
20250627 03:10	12.0	12.0	12.0	39	-1.5	6	9	160	0.0	731.8	-100000	-100000.000	-1.0
20250627 03:15	11.8	11.8	11.8	39	-1.7	5	8	145	0.0	731.8	-100000	-100000.000	-1.0
20250627 03:20	11.7	11.7	11.7	39	-1.8	6	11	140	0.0	731.8	-100000	-100000.000	-1.0
20250627 03:25	11.7	11.7	11.7	40	-1.5	8	11	158	0.0	731.8	-100000	-100000.000	-1.0
20250627 03:30	11.6	11.6	11.6	39	-1.9	6	11	156	0.0	731.8	-100000	-100000.000	-1.0
20250627 03:35	11.5	11.5	11.5	39	-2.0	8	11	154	0.0	731.8	-100000	-100000.000	-1.0
20250627 03:40	11.4	11.4	11.4	40	-1.7	8	14	158	0.0	731.8	-100000	-100000.000	-1.0
20250627 03:45	11.3	11.3	11.3	40	-1.8	11	17	162	0.0	731.8	-100000	-100000.000	-1.0
20250627 03:50	11.4	11.4	11.4	38	-2.4	11	18	158	0.0	731.8	-100000	-100000.000	-1.0
20250627 03:55	11.5	11.5	11.5	37	-2.7	9	16	149	0.0	731.8	-100000	-100000.000	-1.0
20250627 04:00	11.5	11.5	11.5	36	-3.1	8	16	154	0.0	731.8	-100000	-100000.000	-1.0
20250627 04:05	11.5	11.5	11.5	36	-3.1	10	19	160	0.0	731.8	-100000	-100000.000	-1.0
20250627 04:10	11.6	11.6	11.6	34	-3.8	11	16	162	0.0	731.8	-100000	-100000.000	-1.0
20250627 04:15	11.6	11.6	11.6	33	-4.2	11	16	162	0.0	731.8	-100000	-100000.000	-1.0
20250627 04:20	11.6	11.6	11.6	33	-4.2	10	17	162	0.0	731.8	-100000	-100000.000	-1.0
20250627 04:25	11.6	11.6	11.6	32	-4.6	10	15	162	0.0	731.8	-100000	-100000.000	-1.0
20250627 04:30	11.6	11.6	11.6	32	-4.6	10	14	162	0.0	732.1	-100000	-100000.000	-1.0
20250627 04:35	11.6	11.6	11.6	32	-4.6	10	15	162	0.0	732.1	-100000	-100000.000	-1.0
20250627 04:40	11.6	11.6	11.6	32	-4.6	10	16	162	0.0	732.1	-100000	-100000.000	-1.0
20250627 04:45	11.6	11.6	11.6	32	-4.6	10	16	160	0.0	732.1	-100000	-100000.000	-1.0
20250627 04:50	11.6	11.6	11.6	32	-4.6	9	14	156	0.0	732.1	-100000	-100000.000	-1.0
20250627 04:55	11.6	11.6	11.6	32	-4.6	10	15	147	0.0	732.1	-100000	-100000.000	-1.0
20250627 05:00	11.6	11.6	11.6	32	-4.6	9	17	153	0.0	732.1	-100000	-100000.000	-1.0
20250627 05:05	11.6	11.6	11.6	32	-4.6	9	16	147	0.0	732.1	-100000	-100000.000	-1.0
20250627 05:10	11.5	11.5	11.5	32	-4.6	8	13	154	0.0	732.1	-100000	-100000.000	-1.0
20250627 05:15	11.5	11.5	11.5	32	-4.6	8	14	154	0.0	732.1	-100000	-100000.000	-1.0
20250627 05:20	11.3	11.3	11.3	32	-4.8	10	17	162	0.0	732.1	-100000	-100000.000	-1.0
20250627 05:25	11.4	11.4	11.4	32	-4.7	12	20	162	0.0	732.1	-100000	-100000.000	-1.0
20250627 05:30	11.4	11.4	11.4	32	-4.7	12	19	162	0.0	732.1	-100000	-100000.000	-1.0
20250627 05:35	11.4	11.4	11.4	32	-4.7	10	17	162	0.0	732.1	-100000	-100000.000	-1.0
20250627 05:40	11.4	11.4	11.4	32	-4.7	10	17	158	0.0	732.5	-100000	-100000.000	-1.0
20250627 05:45	11.4	11.4	11.4	32	-4.7	10	16	162	0.0	732.5	-100000	-100000.000	-1.0
20250627 05:50	11.5	11.5	11.5	31	-5.0	9	16	162	0.0	732.1	-100000	-100000.000	-1.0
20250627 05:55	11.5	11.5	11.5	33	-4.2	9	15	160	0.0	732.1	-100000	-100000.000	-1.0
20250627 06:00	11.6	11.6	11.6	33	-4.2	7	12	147	0.0	732.1	-100000	-100000.000	-1.0
20250627 06:05	11.6	11.6	11.6	35	-3.4	4	8	117	0.0	732.1	-100000	-100000.000	-1.0
20250627 06:10	11.4	11.4	11.4	40	-1.7	4	10	151	0.0	732.1	-100000	-100000.000	-1.0
20250627 06:15	11.5	11.5	11.5	39	-2.0	5	11	158	0.0	732.1	-100000	-100000.000	-1.0
20250627 06:20	11.4	11.4	11.4	36	-3.2	6	11	147	0.0	732.1	-100000	-100000.000	-1.0
20250627 06:25	11.3	11.3	11.3	34	-4.0	6	13	151	0.0	732.1	-100000	-100000.000	-1.0
20250627 06:30	11.3	11.3	11.3	37	-2.9	5	8	144	0.0	732.1	-100000	-100000.000	-1.0
20250627 06:35	11.2	11.2	11.2	39	-2.3	5	10	145	0.0	732.1	-100000	-100000.000	-1.0
20250627 06:40	11.2	11.2	11.2	38	-2.6	7	12	160	0.0	732.1	-100000	-100000.000	-1.0
20250627 06:45	11.2	11.2	11.2	36	-3.3	8	13	162	0.0	732.1	-100000	-100000.000	-1.0
20250627 06:50	11.3	11.3	11.3	36	-3.3	8	14	162	0.0	732.1	-100000	-100000.000	-1.0
20250627 06:55	11.3	11.3	11.3	33	-4.4	10	16	162	0.0	732.1	-100000	-100000.000	-1.0
20250627 07:00	11.3	11.3	11.3	33	-4.4	9	14	158	0.0	732.1	-100000	-100000.000	-1.0
20250627 07:05	11.2	11.2	11.2	33	-4.5	9	13	162	0.0	732.1	-100000	-100000.000	-1.0
20250627 07:10	11.2	11.2	11.2	33	-4.5	8	13	156	0.0	732.1	-100000	-100000.000	-1.0
20250627 07:15	11.2	11.2	11.2	34	-4.1	6	12	151	0.0	732.1	-100000	-100000.000	-1.0
20250627 07:20	11.2	11.2	11.2	34	-4.1	8	14	153	0.0	732.1	-100000	-100000.000	-1.0
20250627 07:25	11.3	11.3	11.3	33	-4.4	7	14	149	0.0	732.1	-100000	-100000.000	-1.0
20250627 07:30	11.3	11.3	11.3	33	-4.4	5	10	140	0.0	732.1	-100000	-100000.000	-1.0
20250627 07:35	11.1	11.1	11.1	34	-4.2	5	8	129	0.0	732.1	-100000	-100000.000	-1.0
20250627 07:40	11.2	11.2	11.2	35	-3.7	6	12	144	0.0	732.1	-100000	-100000.000	-1.0
20250627 07:45	11.2	11.2	11.2	34	-4.1	6	13	140	0.0	732.1	-100000	-100000.000	-1.0
20250627 07:50	11.0	11.0	11.0	34	-4.3	9	14	158	0.0	731.8	-100000	-100000.000	-1.0
20250627 07:55	11.1	11.1	11.1	34	-4.2	9	14	156	0.0	732.1	-100000	-100000.000	-1.0
20250627 08:00	11.1	11.1	11.1	33	-4.6	10	17	162	0.0	731.8	-100000	-100000.000	-1.0
20250627 08:05	11.1	11.1	11.1	33	-4.6	14	22	162	0.0	731.8	-100000	-100000.000	-1.0
20250627 08:10	11.2	11.2	11.2	33	-4.5	17	23	162	0.0	731.8	-100000	-100000.000	-1.0
20250627 08:15	11.1	11.1	11.1	34	-4.2	18	25	162	0.0	731.8	-100000	-100000.000	-1.0
20250627 08:20	11.0	11.0	11.0	34	-4.3	19	25	165	0.0	731.8	-100000	-100000.000	-1.0
20250627 08:25	10.9	10.9	10.9	34	-4.4	19	24	171	0.0	731.8	-100000	-100000.000	-1.0
20250627 08:30	11.0	11.0	11.0	34	-4.3	20	27	169	0.0	731.8	-100000	-100000.000	-1.0
20250627 08:35	10.9	10.9	10.9	35	-4.0	19	26	180	0.0	731.8	-100000	-100000.000	-1.0
20250627 08:40	10.8	10.8	10.8	35	-4.1	19	26	176	0.0	731.8	-100000	-100000.000	-1.0
20250627 08:45	10.8	10.8	10.8	35	-4.1	19	29	180	0.0	731.8	-100000	-100000.000	-1.0
20250627 08:50	10.8	10.8	10.8	36	-3.7	19	29	178	0.0	731.8	-100000	-100000.000	-1.0
20250627 08:55	10.8	10.8	10.8	36	-3.7	20	29	176	0.0	731.8	-100000	-100000.000	-1.0
20250627 09:00	10.8	10.8	10.8	36	-3.7	20	29	180	0.0	731.5	-100000	-100000.000	-1.0
20250627 09:05	10.8	10.8	10.8	36	-3.7	20	26	180	0.0	731.5	-100000	-100000.000	-1.0
20250627 09:10	10.7	10.7	10.7	37	-3.4	19	26	180	0.0	731.5	-100000	-100000.000	-1.0
20250627 09:15	10.8	10.8	10.8	37	-3.3	19	28	174	0.0	731.5	-100000	-100000.000	-1.0
20250627 09:20	10.7	10.7	10.7	37	-3.4	20	29	176	0.0	731.5	-100000	-100000.000	-1.0
20250627 09:25	10.7	10.7	10.7	37	-3.4	19	26	180	0.0	731.5	-100000	-100000.000	-1.0
20250627 09:30	10.5	10.5	10.5	37	-3.6	19	28	180	0.0	731.5	-100000	-100000.000	-1.0
20250627 09:35	10.5	10.5	10.5	37	-3.6	19	28	180	0.0	731.5	-100000	-100000.000	-1.0
20250627 09:40	10.5	10.5	10.5	37	-3.6	21	32	180	0.0	731.5	-100000	-100000.000	-1.0
20250627 09:45	10.4	10.4	10.4	37	-3.7	22	36	180	0.0	731.5	-100000	-100000.000	-1.0
20250627 09:50	10.4	10.4	10.4	36	-4.0	22	34	180	0.0	731.5	-100000	-100000.000	-1.0
20250627 09:55	10.4	10.4	10.4	36	-4.0	23	38	180	0.0	731.1	-100000	-100000.000	-1.0
20250627 10:00	10.4	10.4	10.4	37	-3.7	24	38	180	0.0	731.1	-100000	-100000.000	-1.0
20250627 10:05	10.4	10.4	10.4	37	-3.7	25	37	180	0.0	731.1	-100000	-100000.000	-1.0
20250627 10:10	10.4	10.4	10.4	37	-3.7	26	37	180	0.0	731.1	-100000	-100000.000	-1.0
20250627 10:15	10.3	10.3	10.3	36	-4.1	28	40	180	0.0	731.1	-100000	-100000.000	-1.0
20250627 10:20	10.3	10.3	10.3	36	-4.1	31	49	180	0.0	731.1	-100000	-100000.000	-1.0
20250627 10:25	10.3	10.3	10.3	36	-4.1	31	53	180	0.0	730.8	-100000	-100000.000	-1.0
20250627 10:30	10.3	10.3	10.3	37	-3.8	30	53	180	0.0	730.8	-100000	-100000.000	-1.0
20250627 10:35	10.3	10.3	10.3	37	-3.8	31	46	180	0.0	730.8	-100000	-100000.000	-1.0
20250627 10:40	10.3	10.3	10.3	38	-3.4	31	49	180	0.0	730.8	-100000	-100000.000	-1.0
20250627 10:45	10.3	10.3	10.3	38	-3.4	31	49	180	0.0	730.8	-100000	-100000.000	-1.0
20250627 10:50	10.3	10.3	10.3	39	-3.1	31	47	180	0.0	730.8	-100000	-100000.000	-1.0
20250627 10:55	10.4	10.4	10.4	39	-3.0	33	53	180	0.0	730.8	-100000	-100000.000	-1.0
20250627 11:00	10.4	10.4	10.4	38	-3.3	32	46	180	0.0	730.8	-100000	-100000.000	-1.0
20250627 11:05	10.4	10.4	10.4	39	-3.0	33	51	180	0.0	730.8	-100000	-100000.000	-1.0
20250627 11:10	10.3	10.3	10.3	39	-3.1	34	52	180	0.0	730.8	-100000	-100000.000	-1.0
20250627 11:15	10.4	10.4	10.4	39	-3.0	35	51	180	0.0	730.8	-100000	-100000.000	-1.0
20250627 11:20	10.4	10.4	10.4	39	-3.0	34	50	180	0.0	730.8	-100000	-100000.000	-1.0
20250627 11:25	10.4	10.4	10.4	39	-3.0	33	50	180	0.0	730.8	-100000	-100000.000	-1.0
20250627 11:30	10.4	10.4	10.4	40	-2.6	35	53	180	0.0	730.8	-100000	-100000.000	-1.0
20250627 11:35	10.4	10.4	10.4	39	-3.0	35	52	180	0.0	730.8	-100000	-100000.000	-1.0
20250627 11:40	10.5	10.5	10.5	39	-2.9	36	50	180	0.0	730.8	-100000	-100000.000	-1.0
20250627 11:45	10.6	10.6	10.6	40	-2.5	36	54	180	0.0	730.8	-100000	-100000.000	-1.0
20250627 11:50	10.5	10.5	10.5	40	-2.5	35	49	180	0.0	730.8	-100000	-100000.000	-1.0
20250627 11:55	10.5	10.5	10.5	40	-2.5	35	52	180	0.0	730.8	-100000	-100000.000	-1.0
20250627 12:00	10.5	10.5	10.5	40	-2.5	35	53	180	0.0	730.8	-100000	-100000.000	-1.0
20250627 12:05	10.6	10.6	10.6	40	-2.5	35	50	180	0.0	731.1	-100000	-100000.000	-1.0
20250627 12:10	10.6	10.6	10.6	40	-2.5	36	54	180	0.0	730.8	-100000	-100000.000	-1.0
20250627 12:15	10.6	10.6	10.6	41	-2.1	36	56	180	0.0	731.1	-100000	-100000.000	-1.0
20250627 12:20	10.6	10.6	10.6	41	-2.1	35	54	180	0.0	731.1	-100000	-100000.000	-1.0
20250627 12:25	10.6	10.6	10.6	41	-2.1	35	53	180	0.0	731.1	-100000	-100000.000	-1.0
20250627 12:30	10.6	10.6	10.6	41	-2.1	37	51	180	0.0	731.1	-100000	-100000.000	-1.0
20250627 12:35	10.8	10.8	10.8	41	-1.9	36	51	180	0.0	731.1	-100000	-100000.000	-1.0
20250627 12:40	10.7	10.7	10.7	41	-2.0	34	56	180	0.0	731.1	-100000	-100000.000	-1.0
20250627 12:45	10.7	10.7	10.7	41	-2.0	34	56	180	0.0	731.1	-100000	-100000.000	-1.0
20250627 12:50	10.7	10.7	10.7	41	-2.0	36	55	180	0.0	731.1	-100000	-100000.000	-1.0
20250627 12:55	10.8	10.8	10.8	41	-1.9	35	60	180	0.0	731.1	-100000	-100000.000	-1.0
20250627 13:00	10.7	10.7	10.7	41	-2.0	35	51	180	0.0	731.1	-100000	-100000.000	-1.0
20250627 13:05	10.7	10.7	10.7	42	-1.7	35	56	180	0.0	731.5	-100000	-100000.000	-1.0
20250627 13:10	10.8	10.8	10.8	42	-1.6	34	58	180	0.0	731.5	-100000	-100000.000	-1.0
20250627 13:15	10.8	10.8	10.8	42	-1.6	35	52	180	0.0	731.5	-100000	-100000.000	-1.0
20250627 13:20	10.8	10.8	10.8	43	-1.3	34	51	180	0.0	731.5	-100000	-100000.000	-1.0
20250627 13:25	10.8	10.8	10.8	43	-1.3	32	56	180	0.0	731.5	-100000	-100000.000	-1.0
20250627 13:30	10.9	10.9	10.9	44	-0.9	32	56	180	0.0	731.5	-100000	-100000.000	-1.0
20250627 13:35	10.9	10.9	10.9	43	-1.2	31	53	180	0.0	731.5	-100000	-100000.000	-1.0
20250627 13:40	11.0	11.0	11.0	42	-1.4	32	50	180	0.0	731.5	-100000	-100000.000	-1.0
20250627 13:45	11.0	11.0	11.0	41	-1.7	31	47	180	0.0	731.5	-100000	-100000.000	-1.0
20250627 13:50	11.1	11.1	11.1	42	-1.4	29	45	180	0.0	731.8	-100000	-100000.000	-1.0
20250627 13:55	11.3	11.3	11.3	43	-0.8	30	49	180	0.0	731.8	-100000	-100000.000	-1.0
20250627 14:00	11.3	11.3	11.3	42	-1.2	29	47	180	0.0	731.8	-100000	-100000.000	-1.0
20250627 14:05	11.4	11.4	11.4	42	-1.1	30	49	180	0.0	731.8	-100000	-100000.000	-1.0
20250627 14:10	11.5	11.5	11.5	42	-1.0	27	47	180	0.0	732.1	-100000	-100000.000	-1.0
20250627 14:15	11.6	11.6	11.6	42	-0.9	27	44	180	0.0	732.1	-100000	-100000.000	-1.0
20250627 14:20	11.8	11.8	11.8	42	-0.7	24	38	180	0.0	732.1	-100000	-100000.000	-1.0
20250627 14:25	11.9	11.9	11.9	42	-0.6	25	42	180	0.0	732.5	-100000	-100000.000	-1.0
20250627 14:30	12.0	12.0	12.0	41	-0.8	23	42	180	0.0	732.5	-100000	-100000.000	-1.0
20250627 14:35	12.1	12.1	12.1	41	-0.8	22	41	181	0.0	732.5	-100000	-100000.000	-1.0
20250627 14:40	12.1	12.1	12.1	42	-0.5	22	36	180	0.0	732.5	-100000	-100000.000	-1.0
20250627 14:45	12.4	12.4	12.4	42	-0.2	20	32	180	0.0	732.5	-100000	-100000.000	-1.0
20250627 14:50	12.5	12.5	12.5	41	-0.4	20	35	180	0.0	732.5	-100000	-100000.000	-1.0
20250627 14:55	12.7	12.7	12.7	41	-0.2	22	37	180	0.0	732.5	-100000	-100000.000	-1.0
20250627 15:00	12.8	12.8	12.8	42	0.2	20	36	181	0.0	732.8	-100000	-100000.000	-1.0
20250627 15:05	12.9	12.9	12.9	41	-0.0	19	30	181	0.0	732.8	-100000	-100000.000	-1.0
20250627 15:10	13.1	13.1	13.1	41	0.1	19	33	181	0.0	732.8	-100000	-100000.000	-1.0
20250627 15:15	13.2	13.2	13.2	41	0.2	17	28	180	0.0	732.8	-100000	-100000.000	-1.0
20250627 15:20	13.4	13.4	13.4	41	0.4	16	33	180	0.0	733.2	-100000	-100000.000	-1.0
20250627 15:25	13.6	13.6	13.6	41	0.6	19	37	180	0.0	732.8	-100000	-100000.000	-1.0
20250627 15:30	13.7	13.7	13.7	41	0.7	18	32	180	0.0	732.8	-100000	-100000.000	-1.0
20250627 15:35	13.9	13.9	13.9	41	0.9	16	32	183	0.0	733.2	-100000	-100000.000	-1.0
20250627 15:40	14.1	14.1	14.1	41	1.0	17	34	187	0.0	733.2	-100000	-100000.000	-1.0
20250627 15:45	14.1	14.1	14.1	41	1.0	19	46	178	0.0	733.2	-100000	-100000.000	-1.0
20250627 15:50	14.3	14.3	14.3	42	1.5	18	46	181	0.0	733.2	-100000	-100000.000	-1.0
20250627 15:55	14.4	14.4	14.4	42	1.6	17	33	178	0.0	733.2	-100000	-100000.000	-1.0
20250627 16:00	14.6	14.6	14.6	41	1.5	16	32	185	0.0	733.2	-100000	-100000.000	-1.0
20250627 16:05	14.7	14.7	14.7	41	1.6	13	29	185	0.0	733.2	-100000	-100000.000	-1.0
20250627 16:10	14.9	14.9	14.9	40	1.4	16	28	180	0.0	733.5	-100000	-100000.000	-1.0
20250627 16:15	15.0	15.0	15.0	41	1.9	15	27	178	0.0	733.5	-100000	-100000.000	-1.0
20250627 16:20	15.0	15.0	15.0	40	1.5	15	30	181	0.0	733.5	-100000	-100000.000	-1.0
20250627 16:25	15.0	15.0	15.0	40	1.5	14	26	181	0.0	733.5	-100000	-100000.000	-1.0
20250627 16:30	15.0	15.0	15.0	40	1.5	10	20	190	0.0	733.5	-100000	-100000.000	-1.0
20250627 16:35	15.4	15.4	15.4	40	1.9	12	24	196	0.0	733.5	-100000	-100000.000	-1.0
20250627 16:40	15.3	15.3	15.3	40	1.8	10	24	199	0.0	733.5	-100000	-100000.000	-1.0
20250627 16:45	15.2	15.2	15.2	39	1.3	11	28	199	0.0	733.5	-100000	-100000.000	-1.0
20250627 16:50	15.5	15.5	15.5	39	1.6	15	28	185	0.0	733.5	-100000	-100000.000	-1.0
20250627 16:55	15.4	15.4	15.4	39	1.5	13	27	187	0.0	733.5	-100000	-100000.000	-1.0
20250627 17:00	15.1	15.1	15.1	39	1.2	12	25	190	0.0	733.5	-100000	-100000.000	-1.0
20250627 17:05	15.8	15.8	15.8	39	1.8	10	20	189	0.0	733.5	-100000	-100000.000	-1.0
20250627 17:10	16.3	16.3	16.3	38	1.9	10	23	201	0.0	733.5	-100000	-100000.000	-1.0
20250627 17:15	15.8	15.8	15.8	38	1.5	10	19	178	0.0	733.5	-100000	-100000.000	-1.0
20250627 17:20	16.4	16.4	16.4	38	2.0	13	36	169	0.0	733.8	-100000	-100000.000	-1.0
20250627 17:25	16.2	16.2	16.2	37	1.5	15	28	181	0.0	733.8	-100000	-100000.000	-1.0
20250627 17:30	15.9	15.9	15.9	38	1.6	15	29	181	0.0	733.8	-100000	-100000.000	-1.0
20250627 17:35	15.9	15.9	15.9	38	1.6	13	26	183	0.0	733.8	-100000	-100000.000	-1.0
20250627 17:40	16.0	16.0	16.0	39	2.0	12	21	185	0.0	733.8	-100000	-100000.000	-1.0
20250627 17:45	16.7	16.7	16.7	37	1.9	12	26	185	0.0	733.8	-100000	-100000.000	-1.0
20250627 17:50	16.4	16.4	16.4	38	2.0	12	26	198	0.0	733.8	-100000	-100000.000	-1.0
20250627 17:55	16.2	16.2	16.2	38	1.8	11	25	199	0.0	733.8	-100000	-100000.000	-1.0
20250627 18:00	16.1	16.1	16.1	38	1.7	8	20	198	0.0	733.8	-100000	-100000.000	-1.0
20250627 18:05	17.2	17.2	17.2	35	1.6	10	24	187	0.0	733.8	-100000	-100000.000	-1.0
20250627 18:10	16.5	16.5	16.5	37	1.8	9	21	207	0.0	733.8	-100000	-100000.000	-1.0
20250627 18:15	16.3	16.3	16.3	37	1.6	10	26	203	0.0	733.8	-100000	-100000.000	-1.0
20250627 18:20	16.3	16.3	16.3	39	2.3	9	24	205	0.0	733.8	-100000	-100000.000	-1.0
20250627 18:25	16.7	16.7	16.7	38	2.3	14	27	192	0.0	734.2	-100000	-100000.000	-1.0
20250627 18:30	16.6	16.6	16.6	38	2.2	14	23	167	0.0	734.2	-100000	-100000.000	-1.0
20250627 18:35	16.5	16.5	16.5	36	1.4	10	25	203	0.0	733.8	-100000	-100000.000	-1.0
20250627 18:40	17.2	17.2	17.2	35	1.6	17	29	181	0.0	734.2	-100000	-100000.000	-1.0
20250627 18:45	16.3	16.3	16.3	39	2.3	14	29	169	0.0	734.2	-100000	-100000.000	-1.0
20250627 18:50	17.2	17.2	17.2	36	2.0	9	22	185	0.0	734.2	-100000	-100000.000	-1.0
20250627 18:55	17.4	17.4	17.4	35	1.8	8	22	201	0.0	734.2	-100000	-100000.000	-1.0
20250627 19:00	17.2	17.2	17.2	35	1.6	10	23	203	0.0	734.2	-100000	-100000.000	-1.0
20250627 19:05	17.5	17.5	17.5	36	2.3	8	23	196	0.0	734.2	-100000	-100000.000	-1.0
20250627 19:10	17.3	17.3	17.3	36	2.1	11	23	187	0.0	734.2	-100000	-100000.000	-1.0
20250627 19:15	16.8	16.8	16.8	35	1.2	12	32	178	0.0	734.2	-100000	-100000.000	-1.0
20250627 19:20	17.1	17.1	17.1	36	1.9	11	22	189	0.0	734.2	-100000	-100000.000	-1.0
20250627 19:25	17.7	17.7	17.7	37	2.8	13	29	162	0.0	734.2	-100000	-100000.000	-1.0
20250627 19:30	17.3	17.3	17.3	37	2.4	11	25	167	0.0	734.2	-100000	-100000.000	-1.0
20250627 19:35	17.5	17.5	17.5	35	1.9	13	38	189	0.0	734.2	-100000	-100000.000	-1.0
20250627 19:40	17.5	17.5	17.5	37	2.6	10	24	178	0.0	734.2	-100000	-100000.000	-1.0
20250627 19:45	16.6	16.6	16.6	40	2.9	9	22	190	0.0	734.2	-100000	-100000.000	-1.0
20250627 19:50	17.5	17.5	17.5	38	3.0	9	21	199	0.0	734.2	-100000	-100000.000	-1.0
20250627 19:55	17.6	17.6	17.6	35	1.9	6	16	212	0.0	734.2	-100000	-100000.000	-1.0
20250627 20:00	17.9	17.9	17.9	33	1.4	8	21	171	0.0	734.2	-100000	-100000.000	-1.0
20250627 20:05	18.4	18.4	18.4	37	3.4	12	32	196	0.0	734.2	-100000	-100000.000	-1.0
20250627 20:10	17.3	17.3	17.3	39	3.2	14	30	138	0.0	734.2	-100000	-100000.000	-1.0
20250627 20:15	16.9	16.9	16.9	39	2.8	12	35	142	0.0	734.2	-100000	-100000.000	-1.0
20250627 20:20	17.6	17.6	17.6	40	3.8	17	33	176	0.0	734.2	-100000	-100000.000	-1.0
20250627 20:25	16.5	16.5	16.5	39	2.5	15	28	176	0.0	734.2	-100000	-100000.000	-1.0
20250627 20:30	17.3	17.3	17.3	41	3.9	15	30	176	0.0	734.2	-100000	-100000.000	-1.0
20250627 20:35	16.6	16.6	16.6	40	2.9	12	24	187	0.0	734.2	-100000	-100000.000	-1.0
20250627 20:40	17.5	17.5	17.5	41	4.1	11	24	183	0.0	734.2	-100000	-100000.000	-1.0
20250627 20:45	17.4	17.4	17.4	37	2.5	8	27	199	0.0	734.2	-100000	-100000.000	-1.0
20250627 20:50	18.1	18.1	18.1	38	3.5	12	32	172	0.0	734.2	-100000	-100000.000	-1.0
20250627 20:55	18.2	18.2	18.2	37	3.2	8	19	178	0.0	734.2	-100000	-100000.000	-1.0
20250627 21:00	18.3	18.3	18.3	38	3.7	13	26	187	0.0	734.2	-100000	-100000.000	-1.0
20250627 21:05	18.0	18.0	18.0	36	2.7	7	21	192	0.0	734.2	-100000	-100000.000	-1.0
20250627 21:10	18.7	18.7	18.7	36	3.3	8	23	205	0.0	734.2	-100000	-100000.000	-1.0
20250627 21:15	18.7	18.7	18.7	36	3.3	6	17	204	0.0	734.2	-100000	-100000.000	-1.0
20250627 21:20	19.4	19.4	19.4	35	3.5	12	26	183	0.0	734.2	-100000	-100000.000	-1.0
20250627 21:25	18.8	18.8	18.8	35	3.0	16	30	163	0.0	734.2	-100000	-100000.000	-1.0
20250627 21:30	17.1	17.1	17.1	36	1.9	7	18	132	0.0	734.2	-100000	-100000.000	-1.0
20250627 21:35	18.2	18.2	18.2	35	2.5	7	16	196	0.0	734.2	-100000	-100000.000	-1.0
20250627 21:40	18.8	18.8	18.8	35	3.0	5	11	181	0.0	734.2	-100000	-100000.000	-1.0
20250627 21:45	19.0	19.0	19.0	35	3.2	7	14	189	0.0	734.2	-100000	-100000.000	-1.0
20250627 21:50	19.3	19.3	19.3	34	3.0	7	17	180	0.0	734.2	-100000	-100000.000	-1.0
20250627 21:55	18.7	18.7	18.7	34	2.5	7	21	86	0.0	734.2	-100000	-100000.000	-1.0
20250627 22:00	18.4	18.4	18.4	33	1.8	6	25	133	0.0	734.2	-100000	-100000.000	-1.0
20250627 22:05	18.3	18.3	18.3	35	2.5	5	18	151	0.0	734.2	-100000	-100000.000	-1.0
20250627 22:10	19.0	19.0	19.0	33	2.4	4	12	198	0.0	734.2	-100000	-100000.000	-1.0
20250627 22:15	19.2	19.2	19.2	32	2.1	4	14	146	0.0	734.2	-100000	-100000.000	-1.0
20250627 22:20	18.6	18.6	18.6	33	2.0	5	15	12	0.0	734.2	-100000	-100000.000	-1.0
20250627 22:25	18.5	18.5	18.5	30	0.6	5	19	300	0.0	734.2	-100000	-100000.000	-1.0
20250627 22:30	18.3	18.3	18.3	32	1.3	4	16	318	0.0	734.2	-100000	-100000.000	-1.0
20250627 22:35	18.5	18.5	18.5	33	1.9	4	17	12	0.0	734.2	-100000	-100000.000	-1.0
20250627 22:40	18.2	18.2	18.2	34	2.0	7	16	10	0.0	733.8	-100000	-100000.000	-1.0
20250627 22:45	17.9	17.9	17.9	33	1.4	6	20	334	0.0	733.8	-100000	-100000.000	-1.0
20250627 22:50	18.1	18.1	18.1	35	2.4	11	20	356	0.0	733.8	-100000	-100000.000	-1.0
20250627 22:55	16.9	16.9	16.9	37	2.1	7	17	351	0.0	733.8	-100000	-100000.000	-1.0
20250627 23:00	17.4	17.4	17.4	35	1.8	6	17	333	0.0	733.8	-100000	-100000.000	-1.0
20250627 23:05	18.0	18.0	18.0	35	2.3	7	18	334	0.0	733.8	-100000	-100000.000	-1.0
20250627 23:10	18.1	18.1	18.1	36	2.7	4	16	60	0.0	733.8	-100000	-100000.000	-1.0
20250627 23:15	18.4	18.4	18.4	37	3.4	5	15	342	0.0	733.8	-100000	-100000.000	-1.0
20250627 23:20	18.6	18.6	18.6	40	4.7	5	20	342	0.0	733.8	-100000	-100000.000	-1.0
20250627 23:25	17.7	17.7	17.7	43	4.9	7	22	322	0.0	733.8	-100000	-100000.000	-1.0
20250627 23:30	18.0	18.0	18.0	42	4.9	10	23	347	0.0	733.8	-100000	-100000.000	-1.0
20250627 23:35	17.0	17.0	17.0	44	4.7	8	21	344	0.0	733.5	-100000	-100000.000	-1.0
20250627 23:40	16.9	16.9	16.9	45	4.9	10	24	352	0.0	733.5	-100000	-100000.000	-1.0
20250627 23:45	16.5	16.5	16.5	46	4.8	10	24	345	0.0	733.5	-100000	-100000.000	-1.0
20250627 23:50	16.3	16.3	16.3	47	4.9	9	21	345	0.0	733.5	-100000	-100000.000	-1.0
20250627 23:55	16.5	16.5	16.5	47	5.1	6	16	349	0.0	733.5	-100000	-100000.000	-1.0
