--Timestamp---	Temp	Chill	HIndex	Humid	Dewpt	 Wind 	HiWind	WindDir	Rain 	Barom	Solar	 ET  	 UV 
--------------	----	-----	------	-----	-----	------	------	-------	-----	-----	-----	-----	----
20250618 00:00	21.5	21.5	21.5	27	1.7	8	16	338	0.0	733.5	-100000	-100000.000	-1.0
20250618 00:05	21.1	21.1	21.1	25	0.3	6	17	324	0.0	733.5	-100000	-100000.000	-1.0
20250618 00:10	21.7	21.7	21.7	20	-2.3	6	19	306	0.0	733.5	-100000	-100000.000	-1.0
20250618 00:15	21.8	21.8	21.8	18	-3.6	8	19	320	0.0	733.5	-100000	-100000.000	-1.0
20250618 00:20	21.7	21.7	21.7	19	-3.0	9	26	325	0.0	733.5	-100000	-100000.000	-1.0
20250618 00:25	21.3	21.3	21.3	19	-3.3	7	19	322	0.0	733.5	-100000	-100000.000	-1.0
20250618 00:30	21.3	21.3	21.3	19	-3.3	8	15	333	0.0	733.5	-100000	-100000.000	-1.0
20250618 00:35	20.7	20.7	20.7	19	-3.8	7	18	318	0.0	733.5	-100000	-100000.000	-1.0
20250618 00:40	20.8	20.8	20.8	20	-3.0	7	19	312	0.0	733.2	-100000	-100000.000	-1.0
20250618 00:45	20.7	20.7	20.7	19	-3.8	5	14	311	0.0	733.2	-100000	-100000.000	-1.0
20250618 00:50	21.0	21.0	21.0	18	-4.2	4	12	302	0.0	733.2	-100000	-100000.000	-1.0
20250618 00:55	21.1	21.1	21.1	18	-4.2	5	18	306	0.0	733.2	-100000	-100000.000	-1.0
20250618 01:00	21.1	21.1	21.1	20	-2.8	7	19	316	0.0	733.2	-100000	-100000.000	-1.0
20250618 01:05	20.9	20.9	20.9	21	-2.3	6	21	306	0.0	733.2	-100000	-100000.000	-1.0
20250618 01:10	20.9	20.9	20.9	22	-1.6	3	15	259	0.0	733.2	-100000	-100000.000	-1.0
20250618 01:15	21.0	21.0	21.0	21	-2.2	2	11	268	0.0	733.2	-100000	-100000.000	-1.0
20250618 01:20	21.1	21.1	21.1	20	-2.8	2	10	288	0.0	733.2	-100000	-100000.000	-1.0
20250618 01:25	21.2	21.2	21.2	19	-3.4	3	9	266	0.0	733.2	-100000	-100000.000	-1.0
20250618 01:30	21.1	21.1	21.1	21	-2.1	2	9	311	0.0	733.2	-100000	-100000.000	-1.0
20250618 01:35	20.9	20.9	20.9	24	-0.4	2	6	237	0.0	733.2	-100000	-100000.000	-1.0
20250618 01:40	20.8	20.8	20.8	25	0.0	3	10	230	0.0	733.2	-100000	-100000.000	-1.0
20250618 01:45	20.2	20.2	20.2	26	0.0	2	9	216	0.0	733.2	-100000	-100000.000	-1.0
20250618 01:50	20.0	20.0	20.0	27	0.4	3	9	217	0.0	733.2	-100000	-100000.000	-1.0
20250618 01:55	19.7	19.7	19.7	27	0.1	3	12	203	0.0	733.2	-100000	-100000.000	-1.0
20250618 02:00	19.5	19.5	19.5	26	-0.5	4	9	214	0.0	733.2	-100000	-100000.000	-1.0
20250618 02:05	19.1	19.1	19.1	27	-0.4	4	11	208	0.0	732.8	-100000	-100000.000	-1.0
20250618 02:10	18.8	18.8	18.8	25	-1.7	5	13	205	0.0	732.8	-100000	-100000.000	-1.0
20250618 02:15	18.5	18.5	18.5	24	-2.5	4	14	219	0.0	732.8	-100000	-100000.000	-1.0
20250618 02:20	18.3	18.3	18.3	22	-3.8	5	10	198	0.0	732.8	-100000	-100000.000	-1.0
20250618 02:25	18.1	18.1	18.1	23	-3.4	5	13	203	0.0	732.8	-100000	-100000.000	-1.0
20250618 02:30	17.9	17.9	17.9	25	-2.4	5	10	199	0.0	732.8	-100000	-100000.000	-1.0
20250618 02:35	17.5	17.5	17.5	24	-3.3	6	12	208	0.0	732.8	-100000	-100000.000	-1.0
20250618 02:40	17.2	17.2	17.2	27	-2.0	6	13	207	0.0	732.8	-100000	-100000.000	-1.0
20250618 02:45	16.9	16.9	16.9	29	-1.3	6	13	210	0.0	732.8	-100000	-100000.000	-1.0
20250618 02:50	16.6	16.6	16.6	30	-1.1	7	18	214	0.0	732.8	-100000	-100000.000	-1.0
20250618 02:55	16.5	16.5	16.5	27	-2.6	8	16	214	0.0	732.5	-100000	-100000.000	-1.0
20250618 03:00	16.2	16.2	16.2	30	-1.4	7	18	212	0.0	732.5	-100000	-100000.000	-1.0
20250618 03:05	16.0	16.0	16.0	29	-2.0	9	20	212	0.0	732.5	-100000	-100000.000	-1.0
20250618 03:10	15.9	15.9	15.9	26	-3.6	8	17	212	0.0	732.5	-100000	-100000.000	-1.0
20250618 03:15	15.9	15.9	15.9	23	-5.2	8	17	207	0.0	732.5	-100000	-100000.000	-1.0
20250618 03:20	15.8	15.8	15.8	23	-5.3	8	21	214	0.0	732.5	-100000	-100000.000	-1.0
20250618 03:25	15.7	15.7	15.7	23	-5.4	7	16	203	0.0	732.5	-100000	-100000.000	-1.0
20250618 03:30	15.5	15.5	15.5	23	-5.5	8	15	199	0.0	732.5	-100000	-100000.000	-1.0
20250618 03:35	15.5	15.5	15.5	23	-5.5	9	19	205	0.0	732.5	-100000	-100000.000	-1.0
20250618 03:40	15.4	15.4	15.4	23	-5.6	11	21	198	0.0	732.5	-100000	-100000.000	-1.0
20250618 03:45	15.3	15.3	15.3	24	-5.2	13	23	198	0.0	732.5	-100000	-100000.000	-1.0
20250618 03:50	15.2	15.2	15.2	24	-5.3	13	22	198	0.0	732.5	-100000	-100000.000	-1.0
20250618 03:55	15.1	15.1	15.1	24	-5.4	14	27	198	0.0	732.5	-100000	-100000.000	-1.0
20250618 04:00	15.2	15.2	15.2	24	-5.3	14	26	198	0.0	732.5	-100000	-100000.000	-1.0
20250618 04:05	15.2	15.2	15.2	24	-5.3	14	32	203	0.0	732.5	-100000	-100000.000	-1.0
20250618 04:10	15.2	15.2	15.2	24	-5.3	14	24	198	0.0	732.5	-100000	-100000.000	-1.0
20250618 04:15	15.2	15.2	15.2	24	-5.3	13	22	198	0.0	732.5	-100000	-100000.000	-1.0
20250618 04:20	15.2	15.2	15.2	24	-5.3	14	26	198	0.0	732.8	-100000	-100000.000	-1.0
20250618 04:25	15.2	15.2	15.2	25	-4.7	14	23	198	0.0	732.8	-100000	-100000.000	-1.0
20250618 04:30	15.2	15.2	15.2	25	-4.7	14	22	198	0.0	732.8	-100000	-100000.000	-1.0
20250618 04:35	15.2	15.2	15.2	25	-4.7	13	23	198	0.0	732.8	-100000	-100000.000	-1.0
20250618 04:40	15.1	15.1	15.1	25	-4.8	13	23	198	0.0	732.8	-100000	-100000.000	-1.0
20250618 04:45	15.1	15.1	15.1	25	-4.8	14	26	198	0.0	732.8	-100000	-100000.000	-1.0
20250618 04:50	15.0	15.0	15.0	25	-4.9	14	22	198	0.0	732.8	-100000	-100000.000	-1.0
20250618 04:55	15.0	15.0	15.0	25	-4.9	14	21	198	0.0	732.8	-100000	-100000.000	-1.0
20250618 05:00	14.9	14.9	14.9	25	-5.0	13	22	198	0.0	733.2	-100000	-100000.000	-1.0
20250618 05:05	14.9	14.9	14.9	25	-5.0	12	21	198	0.0	733.2	-100000	-100000.000	-1.0
20250618 05:10	15.0	15.0	15.0	24	-5.4	11	20	201	0.0	733.2	-100000	-100000.000	-1.0
20250618 05:15	15.0	15.0	15.0	24	-5.4	10	19	208	0.0	733.2	-100000	-100000.000	-1.0
20250618 05:20	15.1	15.1	15.1	24	-5.4	10	20	208	0.0	733.2	-100000	-100000.000	-1.0
20250618 05:25	15.1	15.1	15.1	23	-5.9	10	22	205	0.0	733.2	-100000	-100000.000	-1.0
20250618 05:30	15.1	15.1	15.1	23	-5.9	10	21	207	0.0	733.2	-100000	-100000.000	-1.0
20250618 05:35	15.2	15.2	15.2	23	-5.8	11	19	203	0.0	733.2	-100000	-100000.000	-1.0
20250618 05:40	15.3	15.3	15.3	23	-5.7	11	19	201	0.0	733.2	-100000	-100000.000	-1.0
20250618 05:45	15.3	15.3	15.3	23	-5.7	12	20	198	0.0	733.2	-100000	-100000.000	-1.0
20250618 05:50	15.2	15.2	15.2	23	-5.8	12	21	205	0.0	733.2	-100000	-100000.000	-1.0
20250618 05:55	15.3	15.3	15.3	23	-5.7	11	19	198	0.0	733.2	-100000	-100000.000	-1.0
20250618 06:00	15.3	15.3	15.3	23	-5.7	11	22	207	0.0	733.2	-100000	-100000.000	-1.0
20250618 06:05	15.3	15.3	15.3	23	-5.7	12	22	198	0.0	733.2	-100000	-100000.000	-1.0
20250618 06:10	15.2	15.2	15.2	23	-5.8	12	21	199	0.0	732.8	-100000	-100000.000	-1.0
20250618 06:15	15.2	15.2	15.2	23	-5.8	11	22	201	0.0	732.8	-100000	-100000.000	-1.0
20250618 06:20	15.1	15.1	15.1	24	-5.4	11	22	199	0.0	732.8	-100000	-100000.000	-1.0
20250618 06:25	15.1	15.1	15.1	24	-5.4	11	20	203	0.0	732.8	-100000	-100000.000	-1.0
20250618 06:30	15.1	15.1	15.1	24	-5.4	12	23	199	0.0	732.8	-100000	-100000.000	-1.0
20250618 06:35	15.1	15.1	15.1	23	-5.9	12	24	199	0.0	732.8	-100000	-100000.000	-1.0
20250618 06:40	15.0	15.0	15.0	24	-5.4	12	22	198	0.0	732.8	-100000	-100000.000	-1.0
20250618 06:45	15.0	15.0	15.0	24	-5.4	12	25	198	0.0	732.8	-100000	-100000.000	-1.0
20250618 06:50	15.0	15.0	15.0	24	-5.4	13	25	199	0.0	732.8	-100000	-100000.000	-1.0
20250618 06:55	15.1	15.1	15.1	24	-5.4	12	25	201	0.0	732.8	-100000	-100000.000	-1.0
20250618 07:00	15.1	15.1	15.1	24	-5.4	13	24	201	0.0	732.8	-100000	-100000.000	-1.0
20250618 07:05	15.1	15.1	15.1	24	-5.4	13	23	198	0.0	732.8	-100000	-100000.000	-1.0
20250618 07:10	15.2	15.2	15.2	23	-5.8	14	23	198	0.0	732.8	-100000	-100000.000	-1.0
20250618 07:15	15.2	15.2	15.2	24	-5.3	14	23	198	0.0	732.5	-100000	-100000.000	-1.0
20250618 07:20	15.2	15.2	15.2	23	-5.8	15	24	198	0.0	732.5	-100000	-100000.000	-1.0
20250618 07:25	15.3	15.3	15.3	23	-5.7	15	25	198	0.0	732.5	-100000	-100000.000	-1.0
20250618 07:30	15.3	15.3	15.3	23	-5.7	15	23	198	0.0	732.5	-100000	-100000.000	-1.0
20250618 07:35	15.3	15.3	15.3	23	-5.7	15	22	199	0.0	732.5	-100000	-100000.000	-1.0
20250618 07:40	15.3	15.3	15.3	23	-5.7	15	28	198	0.0	732.5	-100000	-100000.000	-1.0
20250618 07:45	15.4	15.4	15.4	23	-5.6	16	28	198	0.0	732.5	-100000	-100000.000	-1.0
20250618 07:50	15.2	15.2	15.2	23	-5.8	15	23	198	0.0	732.5	-100000	-100000.000	-1.0
20250618 07:55	15.1	15.1	15.1	23	-5.9	15	24	198	0.0	732.5	-100000	-100000.000	-1.0
20250618 08:00	15.1	15.1	15.1	23	-5.9	16	23	198	0.0	732.5	-100000	-100000.000	-1.0
20250618 08:05	15.0	15.0	15.0	23	-6.0	16	28	198	0.0	732.1	-100000	-100000.000	-1.0
20250618 08:10	15.0	15.0	15.0	23	-6.0	17	27	198	0.0	732.1	-100000	-100000.000	-1.0
20250618 08:15	15.1	15.1	15.1	22	-6.5	16	25	198	0.0	732.1	-100000	-100000.000	-1.0
20250618 08:20	15.1	15.1	15.1	22	-6.5	16	27	198	0.0	732.1	-100000	-100000.000	-1.0
20250618 08:25	15.1	15.1	15.1	22	-6.5	15	26	198	0.0	732.1	-100000	-100000.000	-1.0
20250618 08:30	15.2	15.2	15.2	22	-6.4	16	25	198	0.0	732.1	-100000	-100000.000	-1.0
20250618 08:35	15.2	15.2	15.2	22	-6.4	16	29	198	0.0	732.1	-100000	-100000.000	-1.0
20250618 08:40	15.3	15.3	15.3	21	-6.9	15	25	198	0.0	732.1	-100000	-100000.000	-1.0
20250618 08:45	15.1	15.1	15.1	22	-6.5	14	26	198	0.0	732.1	-100000	-100000.000	-1.0
20250618 08:50	15.1	15.1	15.1	21	-7.1	14	25	198	0.0	732.1	-100000	-100000.000	-1.0
20250618 08:55	15.0	15.0	15.0	22	-6.5	15	24	198	0.0	732.1	-100000	-100000.000	-1.0
20250618 09:00	15.0	15.0	15.0	21	-7.1	15	23	198	0.0	732.1	-100000	-100000.000	-1.0
20250618 09:05	14.8	14.8	14.8	22	-6.7	15	23	198	0.0	731.8	-100000	-100000.000	-1.0
20250618 09:10	14.9	14.9	14.9	22	-6.6	15	24	198	0.0	731.8	-100000	-100000.000	-1.0
20250618 09:15	14.8	14.8	14.8	21	-7.3	14	24	198	0.0	731.8	-100000	-100000.000	-1.0
20250618 09:20	15.0	15.0	15.0	21	-7.1	15	29	198	0.0	731.8	-100000	-100000.000	-1.0
20250618 09:25	14.9	14.9	14.9	21	-7.2	16	26	198	0.0	731.8	-100000	-100000.000	-1.0
20250618 09:30	14.9	14.9	14.9	21	-7.2	15	24	198	0.0	731.8	-100000	-100000.000	-1.0
20250618 09:35	15.0	15.0	15.0	21	-7.1	16	27	198	0.0	731.8	-100000	-100000.000	-1.0
20250618 09:40	15.0	15.0	15.0	21	-7.1	15	26	198	0.0	731.8	-100000	-100000.000	-1.0
20250618 09:45	14.9	14.9	14.9	21	-7.2	16	26	198	0.0	731.8	-100000	-100000.000	-1.0
20250618 09:50	14.8	14.8	14.8	21	-7.3	16	25	198	0.0	731.8	-100000	-100000.000	-1.0
20250618 09:55	14.7	14.7	14.7	21	-7.4	16	25	198	0.0	731.8	-100000	-100000.000	-1.0
20250618 10:00	14.6	14.6	14.6	22	-6.9	15	26	198	0.0	731.8	-100000	-100000.000	-1.0
20250618 10:05	14.6	14.6	14.6	21	-7.5	16	26	198	0.0	731.8	-100000	-100000.000	-1.0
20250618 10:10	14.7	14.7	14.7	21	-7.4	15	29	201	0.0	731.8	-100000	-100000.000	-1.0
20250618 10:15	14.8	14.8	14.8	21	-7.3	15	32	208	0.0	731.8	-100000	-100000.000	-1.0
20250618 10:20	15.0	15.0	15.0	21	-7.1	15	28	208	0.0	731.8	-100000	-100000.000	-1.0
20250618 10:25	15.2	15.2	15.2	20	-7.6	16	28	205	0.0	731.8	-100000	-100000.000	-1.0
20250618 10:30	15.3	15.3	15.3	20	-7.5	16	32	205	0.0	731.8	-100000	-100000.000	-1.0
20250618 10:35	15.3	15.3	15.3	20	-7.5	15	32	205	0.0	731.8	-100000	-100000.000	-1.0
20250618 10:40	15.3	15.3	15.3	20	-7.5	15	30	201	0.0	731.8	-100000	-100000.000	-1.0
20250618 10:45	15.3	15.3	15.3	20	-7.5	14	30	198	0.0	731.8	-100000	-100000.000	-1.0
20250618 10:50	15.2	15.2	15.2	20	-7.6	14	25	198	0.0	731.8	-100000	-100000.000	-1.0
20250618 10:55	15.1	15.1	15.1	20	-7.7	14	22	198	0.0	731.8	-100000	-100000.000	-1.0
20250618 11:00	15.1	15.1	15.1	20	-7.7	14	21	198	0.0	731.8	-100000	-100000.000	-1.0
20250618 11:05	15.1	15.1	15.1	20	-7.7	13	21	198	0.0	731.8	-100000	-100000.000	-1.0
20250618 11:10	15.2	15.2	15.2	20	-7.6	14	23	198	0.0	731.8	-100000	-100000.000	-1.0
20250618 11:15	15.2	15.2	15.2	20	-7.6	14	23	198	0.0	731.8	-100000	-100000.000	-1.0
20250618 11:20	15.3	15.3	15.3	20	-7.5	13	22	199	0.0	731.8	-100000	-100000.000	-1.0
20250618 11:25	15.4	15.4	15.4	20	-7.5	13	22	198	0.0	731.8	-100000	-100000.000	-1.0
20250618 11:30	15.4	15.4	15.4	20	-7.5	14	23	198	0.0	731.8	-100000	-100000.000	-1.0
20250618 11:35	15.3	15.3	15.3	20	-7.5	14	25	198	0.0	731.8	-100000	-100000.000	-1.0
20250618 11:40	15.3	15.3	15.3	20	-7.5	14	23	199	0.0	731.8	-100000	-100000.000	-1.0
20250618 11:45	15.2	15.2	15.2	20	-7.6	14	23	198	0.0	731.8	-100000	-100000.000	-1.0
20250618 11:50	15.3	15.3	15.3	20	-7.5	15	24	198	0.0	731.8	-100000	-100000.000	-1.0
20250618 11:55	15.2	15.2	15.2	20	-7.6	15	24	198	0.0	731.8	-100000	-100000.000	-1.0
20250618 12:00	15.3	15.3	15.3	20	-7.5	16	25	198	0.0	731.8	-100000	-100000.000	-1.0
20250618 12:05	15.3	15.3	15.3	20	-7.5	16	28	198	0.0	731.8	-100000	-100000.000	-1.0
20250618 12:10	15.4	15.4	15.4	20	-7.5	16	25	198	0.0	731.8	-100000	-100000.000	-1.0
20250618 12:15	15.5	15.5	15.5	20	-7.4	16	28	198	0.0	731.8	-100000	-100000.000	-1.0
20250618 12:20	15.5	15.5	15.5	20	-7.4	16	26	198	0.0	731.8	-100000	-100000.000	-1.0
20250618 12:25	15.6	15.6	15.6	19	-8.0	16	25	198	0.0	731.8	-100000	-100000.000	-1.0
20250618 12:30	15.5	15.5	15.5	19	-8.0	16	26	198	0.0	731.8	-100000	-100000.000	-1.0
20250618 12:35	15.6	15.6	15.6	19	-8.0	16	25	198	0.0	731.8	-100000	-100000.000	-1.0
20250618 12:40	15.5	15.5	15.5	19	-8.0	16	28	198	0.0	731.8	-100000	-100000.000	-1.0
20250618 12:45	15.5	15.5	15.5	19	-8.0	17	26	198	0.0	732.1	-100000	-100000.000	-1.0
20250618 12:50	15.6	15.6	15.6	19	-8.0	17	28	198	0.0	732.1	-100000	-100000.000	-1.0
20250618 12:55	15.6	15.6	15.6	19	-8.0	17	27	198	0.0	732.1	-100000	-100000.000	-1.0
20250618 13:00	15.7	15.7	15.7	18	-8.6	17	28	198	0.0	732.1	-100000	-100000.000	-1.0
20250618 13:05	15.7	15.7	15.7	19	-7.9	17	26	198	0.0	732.1	-100000	-100000.000	-1.0
20250618 13:10	15.6	15.6	15.6	19	-8.0	17	27	198	0.0	732.1	-100000	-100000.000	-1.0
20250618 13:15	15.6	15.6	15.6	18	-8.7	17	29	198	0.0	732.1	-100000	-100000.000	-1.0
20250618 13:20	15.7	15.7	15.7	18	-8.6	17	27	198	0.0	732.1	-100000	-100000.000	-1.0
20250618 13:25	15.6	15.6	15.6	19	-8.0	17	26	198	0.0	732.1	-100000	-100000.000	-1.0
20250618 13:30	15.5	15.5	15.5	19	-8.0	17	28	198	0.0	732.1	-100000	-100000.000	-1.0
20250618 13:35	15.7	15.7	15.7	19	-7.9	16	25	198	0.0	732.1	-100000	-100000.000	-1.0
20250618 13:40	15.8	15.8	15.8	18	-8.5	15	24	198	0.0	732.1	-100000	-100000.000	-1.0
20250618 13:45	15.8	15.8	15.8	19	-7.8	15	23	198	0.0	732.1	-100000	-100000.000	-1.0
20250618 13:50	15.8	15.8	15.8	18	-8.5	15	23	198	0.0	732.1	-100000	-100000.000	-1.0
20250618 13:55	15.9	15.9	15.9	18	-8.4	14	21	198	0.0	732.1	-100000	-100000.000	-1.0
20250618 14:00	16.0	16.0	16.0	18	-8.3	14	20	198	0.0	732.5	-100000	-100000.000	-1.0
20250618 14:05	15.9	15.9	15.9	18	-8.4	13	19	198	0.0	732.5	-100000	-100000.000	-1.0
20250618 14:10	16.0	16.0	16.0	18	-8.3	13	18	198	0.0	732.5	-100000	-100000.000	-1.0
20250618 14:15	16.0	16.0	16.0	19	-7.6	13	18	194	0.0	732.5	-100000	-100000.000	-1.0
20250618 14:20	16.2	16.2	16.2	19	-7.5	13	19	189	0.0	732.5	-100000	-100000.000	-1.0
20250618 14:25	16.3	16.3	16.3	19	-7.4	13	20	185	0.0	732.5	-100000	-100000.000	-1.0
20250618 14:30	16.4	16.4	16.4	18	-8.0	12	18	185	0.0	732.5	-100000	-100000.000	-1.0
20250618 14:35	16.5	16.5	16.5	19	-7.2	13	21	187	0.0	732.5	-100000	-100000.000	-1.0
20250618 14:40	16.6	16.6	16.6	18	-7.9	12	21	187	0.0	732.5	-100000	-100000.000	-1.0
20250618 14:45	16.7	16.7	16.7	18	-7.8	12	18	192	0.0	732.5	-100000	-100000.000	-1.0
20250618 14:50	16.8	16.8	16.8	18	-7.7	11	18	192	0.0	732.8	-100000	-100000.000	-1.0
20250618 14:55	17.0	17.0	17.0	18	-7.5	12	18	192	0.0	732.8	-100000	-100000.000	-1.0
20250618 15:00	17.1	17.1	17.1	18	-7.4	11	19	190	0.0	732.8	-100000	-100000.000	-1.0
20250618 15:05	17.3	17.3	17.3	18	-7.3	11	18	190	0.0	732.8	-100000	-100000.000	-1.0
20250618 15:10	17.4	17.4	17.4	19	-6.5	12	18	190	0.0	732.8	-100000	-100000.000	-1.0
20250618 15:15	17.5	17.5	17.5	18	-7.1	12	21	189	0.0	732.8	-100000	-100000.000	-1.0
20250618 15:20	17.6	17.6	17.6	18	-7.0	12	21	194	0.0	732.8	-100000	-100000.000	-1.0
20250618 15:25	17.7	17.7	17.7	18	-6.9	11	18	198	0.0	732.8	-100000	-100000.000	-1.0
20250618 15:30	17.8	17.8	17.8	19	-6.2	11	16	194	0.0	732.8	-100000	-100000.000	-1.0
20250618 15:35	18.1	18.1	18.1	19	-5.9	11	19	196	0.0	732.8	-100000	-100000.000	-1.0
20250618 15:40	18.2	18.2	18.2	18	-6.5	11	18	190	0.0	732.8	-100000	-100000.000	-1.0
20250618 15:45	18.4	18.4	18.4	18	-6.4	11	18	183	0.0	732.8	-100000	-100000.000	-1.0
20250618 15:50	18.6	18.6	18.6	19	-5.5	10	17	194	0.0	733.2	-100000	-100000.000	-1.0
20250618 15:55	18.8	18.8	18.8	19	-5.3	10	17	198	0.0	733.2	-100000	-100000.000	-1.0
20250618 16:00	19.0	19.0	19.0	17	-6.6	12	24	190	0.0	733.2	-100000	-100000.000	-1.0
20250618 16:05	19.1	19.1	19.1	17	-6.6	10	21	196	0.0	733.2	-100000	-100000.000	-1.0
20250618 16:10	19.4	19.4	19.4	18	-5.5	11	19	192	0.0	733.2	-100000	-100000.000	-1.0
20250618 16:15	19.7	19.7	19.7	17	-6.1	10	20	207	0.0	733.2	-100000	-100000.000	-1.0
20250618 16:20	19.8	19.8	19.8	17	-6.0	12	24	198	0.0	733.2	-100000	-100000.000	-1.0
20250618 16:25	19.9	19.9	19.9	16	-6.7	13	26	189	0.0	733.2	-100000	-100000.000	-1.0
20250618 16:30	19.9	19.9	19.9	16	-6.7	12	26	198	0.0	733.2	-100000	-100000.000	-1.0
20250618 16:35	20.2	20.2	20.2	16	-6.5	11	21	194	0.0	733.2	-100000	-100000.000	-1.0
20250618 16:40	20.1	20.1	20.1	16	-6.5	12	21	198	0.0	733.2	-100000	-100000.000	-1.0
20250618 16:45	20.1	20.1	20.1	16	-6.5	11	24	205	0.0	733.2	-100000	-100000.000	-1.0
20250618 16:50	20.4	20.4	20.4	16	-6.3	13	28	198	0.0	733.2	-100000	-100000.000	-1.0
20250618 16:55	20.5	20.5	20.5	16	-6.2	9	23	219	0.0	733.2	-100000	-100000.000	-1.0
20250618 17:00	20.7	20.7	20.7	16	-6.1	13	28	203	0.0	733.2	-100000	-100000.000	-1.0
20250618 17:05	20.7	20.7	20.7	15	-6.9	13	28	199	0.0	733.2	-100000	-100000.000	-1.0
20250618 17:10	20.7	20.7	20.7	15	-6.9	10	20	212	0.0	733.2	-100000	-100000.000	-1.0
20250618 17:15	20.8	20.8	20.8	16	-6.0	11	24	208	0.0	733.2	-100000	-100000.000	-1.0
20250618 17:20	21.0	21.0	21.0	16	-5.8	9	28	208	0.0	733.2	-100000	-100000.000	-1.0
20250618 17:25	21.3	21.3	21.3	15	-6.4	13	27	201	0.0	733.2	-100000	-100000.000	-1.0
20250618 17:30	21.3	21.3	21.3	15	-6.4	13	28	210	0.0	733.2	-100000	-100000.000	-1.0
20250618 17:35	21.1	21.1	21.1	15	-6.6	12	27	214	0.0	733.2	-100000	-100000.000	-1.0
20250618 17:40	21.2	21.2	21.2	15	-6.5	15	34	203	0.0	733.2	-100000	-100000.000	-1.0
20250618 17:45	21.1	21.1	21.1	15	-6.6	15	31	198	0.0	733.2	-100000	-100000.000	-1.0
20250618 17:50	21.2	21.2	21.2	14	-7.4	15	30	205	0.0	733.2	-100000	-100000.000	-1.0
20250618 17:55	21.3	21.3	21.3	15	-6.4	17	35	198	0.0	733.2	-100000	-100000.000	-1.0
20250618 18:00	21.1	21.1	21.1	15	-6.6	14	29	207	0.0	733.2	-100000	-100000.000	-1.0
20250618 18:05	20.9	20.9	20.9	15	-6.7	13	29	203	0.0	733.2	-100000	-100000.000	-1.0
20250618 18:10	21.3	21.3	21.3	15	-6.4	11	28	208	0.0	733.2	-100000	-100000.000	-1.0
20250618 18:15	21.4	21.4	21.4	15	-6.3	11	25	208	0.0	733.2	-100000	-100000.000	-1.0
20250618 18:20	21.7	21.7	21.7	15	-6.1	16	29	198	0.0	733.2	-100000	-100000.000	-1.0
20250618 18:25	21.5	21.5	21.5	15	-6.2	11	26	201	0.0	733.2	-100000	-100000.000	-1.0
20250618 18:30	21.9	21.9	21.9	15	-5.9	12	24	201	0.0	733.2	-100000	-100000.000	-1.0
20250618 18:35	21.7	21.7	21.7	15	-6.1	11	25	203	0.0	733.2	-100000	-100000.000	-1.0
20250618 18:40	22.2	22.2	22.2	15	-5.7	12	27	201	0.0	733.2	-100000	-100000.000	-1.0
20250618 18:45	21.8	21.8	21.8	14	-6.9	12	27	210	0.0	733.2	-100000	-100000.000	-1.0
20250618 18:50	21.6	21.6	21.6	15	-6.2	13	30	212	0.0	733.2	-100000	-100000.000	-1.0
20250618 18:55	21.5	21.5	21.5	15	-6.2	11	24	207	0.0	733.2	-100000	-100000.000	-1.0
20250618 19:00	22.0	22.0	22.0	15	-5.8	12	32	205	0.0	733.2	-100000	-100000.000	-1.0
20250618 19:05	22.0	22.0	22.0	15	-5.8	12	30	205	0.0	733.2	-100000	-100000.000	-1.0
20250618 19:10	22.0	22.0	22.0	15	-5.8	12	32	205	0.0	733.2	-100000	-100000.000	-1.0
20250618 19:15	21.8	21.8	21.8	14	-6.9	11	28	198	0.0	733.2	-100000	-100000.000	-1.0
20250618 19:20	22.2	22.2	22.2	15	-5.7	13	34	205	0.0	733.2	-100000	-100000.000	-1.0
20250618 19:25	21.8	21.8	21.8	15	-6.0	15	31	199	0.0	733.2	-100000	-100000.000	-1.0
20250618 19:30	21.8	21.8	21.8	14	-6.9	16	31	201	0.0	733.2	-100000	-100000.000	-1.0
20250618 19:35	21.7	21.7	21.7	14	-7.0	17	34	198	0.0	733.2	-100000	-100000.000	-1.0
20250618 19:40	21.3	21.3	21.3	16	-5.6	11	35	210	0.0	733.2	-100000	-100000.000	-1.0
20250618 19:45	22.0	22.0	22.0	15	-5.8	11	34	207	0.0	733.2	-100000	-100000.000	-1.0
20250618 19:50	22.1	22.1	22.1	15	-5.8	9	27	210	0.0	733.2	-100000	-100000.000	-1.0
20250618 19:55	22.5	22.5	22.5	15	-5.4	14	33	203	0.0	733.2	-100000	-100000.000	-1.0
20250618 20:00	22.1	22.1	22.1	15	-5.8	9	28	217	0.0	733.2	-100000	-100000.000	-1.0
20250618 20:05	22.1	22.1	22.1	15	-5.8	7	22	230	0.0	733.2	-100000	-100000.000	-1.0
20250618 20:10	22.6	22.6	22.6	15	-5.4	11	27	208	0.0	733.2	-100000	-100000.000	-1.0
20250618 20:15	22.2	22.2	22.2	15	-5.7	13	33	210	0.0	733.2	-100000	-100000.000	-1.0
20250618 20:20	22.0	22.0	22.0	14	-6.7	15	32	205	0.0	733.2	-100000	-100000.000	-1.0
20250618 20:25	21.7	21.7	21.7	15	-6.1	13	30	207	0.0	733.2	-100000	-100000.000	-1.0
20250618 20:30	21.9	21.9	21.9	15	-5.9	11	25	203	0.0	733.2	-100000	-100000.000	-1.0
20250618 20:35	22.2	22.2	22.2	14	-6.6	9	25	205	0.0	733.2	-100000	-100000.000	-1.0
20250618 20:40	22.4	22.4	22.4	15	-5.5	10	22	217	0.0	733.2	-100000	-100000.000	-1.0
20250618 20:45	22.6	22.6	22.6	15	-5.4	14	33	205	0.0	733.2	-100000	-100000.000	-1.0
20250618 20:50	21.9	21.9	21.9	15	-5.9	12	25	203	0.0	733.2	-100000	-100000.000	-1.0
20250618 20:55	22.2	22.2	22.2	15	-5.7	11	32	214	0.0	733.2	-100000	-100000.000	-1.0
20250618 21:00	22.3	22.3	22.3	15	-5.6	16	31	198	0.0	733.2	-100000	-100000.000	-1.0
20250618 21:05	21.9	21.9	21.9	15	-5.9	15	31	198	0.0	733.2	-100000	-100000.000	-1.0
20250618 21:10	21.9	21.9	21.9	14	-6.8	13	26	198	0.0	733.2	-100000	-100000.000	-1.0
20250618 21:15	21.8	21.8	21.8	15	-6.0	14	31	198	0.0	733.2	-100000	-100000.000	-1.0
20250618 21:20	22.0	22.0	22.0	15	-5.8	13	27	198	0.0	733.2	-100000	-100000.000	-1.0
20250618 21:25	22.2	22.2	22.2	15	-5.7	13	26	194	0.0	733.2	-100000	-100000.000	-1.0
20250618 21:30	22.1	22.1	22.1	15	-5.8	14	26	199	0.0	733.2	-100000	-100000.000	-1.0
20250618 21:35	21.9	21.9	21.9	15	-5.9	11	29	203	0.0	733.2	-100000	-100000.000	-1.0
20250618 21:40	22.1	22.1	22.1	14	-6.7	10	26	201	0.0	733.2	-100000	-100000.000	-1.0
20250618 21:45	22.8	22.8	22.8	14	-6.1	14	29	201	0.0	733.2	-100000	-100000.000	-1.0
20250618 21:50	21.9	21.9	21.9	14	-6.8	10	26	201	0.0	733.2	-100000	-100000.000	-1.0
20250618 21:55	22.1	22.1	22.1	15	-5.8	13	24	199	0.0	733.2	-100000	-100000.000	-1.0
20250618 22:00	21.8	21.8	21.8	15	-6.0	9	27	208	0.0	733.2	-100000	-100000.000	-1.0
20250618 22:05	22.0	22.0	22.0	15	-5.8	13	31	201	0.0	733.2	-100000	-100000.000	-1.0
20250618 22:10	21.7	21.7	21.7	16	-5.2	6	18	216	0.0	733.2	-100000	-100000.000	-1.0
20250618 22:15	22.6	22.6	22.6	16	-4.5	8	21	201	0.0	733.2	-100000	-100000.000	-1.0
20250618 22:20	22.4	22.4	22.4	16	-4.7	6	19	214	0.0	733.2	-100000	-100000.000	-1.0
20250618 22:25	22.5	22.5	22.5	15	-5.4	10	23	203	0.0	733.2	-100000	-100000.000	-1.0
20250618 22:30	22.2	22.2	22.2	14	-6.6	8	20	203	0.0	732.8	-100000	-100000.000	-1.0
20250618 22:35	22.5	22.5	22.5	15	-5.4	8	22	208	0.0	732.8	-100000	-100000.000	-1.0
20250618 22:40	22.4	22.4	22.4	14	-6.4	7	24	203	0.0	732.8	-100000	-100000.000	-1.0
20250618 22:45	22.7	22.7	22.7	15	-5.3	7	19	199	0.0	732.8	-100000	-100000.000	-1.0
20250618 22:50	22.6	22.6	22.6	16	-4.5	6	19	205	0.0	732.8	-100000	-100000.000	-1.0
20250618 22:55	22.9	22.9	22.9	14	-6.0	11	23	199	0.0	732.8	-100000	-100000.000	-1.0
20250618 23:00	22.1	22.1	22.1	15	-5.8	5	17	232	0.0	732.8	-100000	-100000.000	-1.0
20250618 23:05	22.9	22.9	22.9	15	-5.1	5	14	186	0.0	732.8	-100000	-100000.000	-1.0
20250618 23:10	23.2	23.2	23.2	16	-4.0	6	16	212	0.0	732.8	-100000	-100000.000	-1.0
20250618 23:15	23.6	23.6	23.6	15	-4.6	7	19	210	0.0	732.5	-100000	-100000.000	-1.0
20250618 23:20	23.2	23.2	23.2	15	-4.9	6	18	217	0.0	732.8	-100000	-100000.000	-1.0
20250618 23:25	23.1	23.1	23.1	15	-5.0	9	25	214	0.0	732.8	-100000	-100000.000	-1.0
20250618 23:30	22.1	22.1	22.1	15	-5.8	7	19	192	0.0	732.5	-100000	-100000.000	-1.0
20250618 23:35	22.4	22.4	22.4	16	-4.7	6	19	220	0.0	732.5	-100000	-100000.000	-1.0
20250618 23:40	22.6	22.6	22.6	16	-4.5	5	20	212	0.0	732.5	-100000	-100000.000	-1.0
20250618 23:45	22.9	22.9	22.9	15	-5.1	8	19	205	0.0	732.5	-100000	-100000.000	-1.0
20250618 23:50	22.2	22.2	22.2	15	-5.7	5	13	203	0.0	732.5	-100000	-100000.000	-1.0
20250618 23:55	22.7	22.7	22.7	16	-4.4	6	21	217	0.0	732.5	-100000	-100000.000	-1.0
