--Timestamp---	Temp	Chill	HIndex	Humid	Dewpt	 Wind 	HiWind	WindDir	Rain 	Barom	Solar	 ET  	 UV 
--------------	----	-----	------	-----	-----	------	------	-------	-----	-----	-----	-----	----
20250802 00:00	19.2	19.2	19.2	38	4.5	5	12	7	0.0	738.2	-100000	-100000.000	-1.0
20250802 00:05	19.6	19.6	19.6	40	5.6	6	14	10	0.0	738.2	-100000	-100000.000	-1.0
20250802 00:10	19.3	19.3	19.3	39	5.0	6	14	3	0.0	738.2	-100000	-100000.000	-1.0
20250802 00:15	19.3	19.3	19.3	39	5.0	6	17	347	0.0	738.2	-100000	-100000.000	-1.0
20250802 00:20	19.2	19.2	19.2	41	5.6	7	15	3	0.0	738.2	-100000	-100000.000	-1.0
20250802 00:25	19.0	19.0	19.0	41	5.4	4	14	306	0.0	738.2	-100000	-100000.000	-1.0
20250802 00:30	19.2	19.2	19.2	40	5.2	5	17	27	0.0	738.2	-100000	-100000.000	-1.0
20250802 00:35	19.1	19.1	19.1	41	5.5	5	17	28	0.0	738.2	-100000	-100000.000	-1.0
20250802 00:40	18.9	18.9	18.9	43	6.0	4	10	0	0.0	738.2	-100000	-100000.000	-1.0
20250802 00:45	19.0	19.0	19.0	46	7.1	4	10	34	0.0	738.2	-100000	-100000.000	-1.0
20250802 00:50	18.8	18.8	18.8	47	7.2	2	7	81	0.0	738.2	-100000	-100000.000	-1.0
20250802 00:55	19.3	19.3	19.3	47	7.7	4	8	34	0.0	738.2	-100000	-100000.000	-1.0
20250802 01:00	19.0	19.0	19.0	46	7.1	3	9	350	0.0	737.9	-100000	-100000.000	-1.0
20250802 01:05	18.9	18.9	18.9	42	5.7	5	10	10	0.0	737.9	-100000	-100000.000	-1.0
20250802 01:10	18.6	18.6	18.6	42	5.4	2	6	351	0.0	737.9	-100000	-100000.000	-1.0
20250802 01:15	18.9	18.9	18.9	42	5.7	4	10	163	0.0	737.9	-100000	-100000.000	-1.0
20250802 01:20	19.0	19.0	19.0	45	6.8	3	11	151	0.0	737.9	-100000	-100000.000	-1.0
20250802 01:25	19.1	19.1	19.1	46	7.2	6	12	115	0.0	737.9	-100000	-100000.000	-1.0
20250802 01:30	18.6	18.6	18.6	47	7.0	6	12	172	0.0	737.9	-100000	-100000.000	-1.0
20250802 01:35	18.5	18.5	18.5	45	6.3	4	9	165	0.0	738.2	-100000	-100000.000	-1.0
20250802 01:40	18.7	18.7	18.7	43	5.8	7	19	180	0.0	738.2	-100000	-100000.000	-1.0
20250802 01:45	18.4	18.4	18.4	38	3.8	7	19	140	0.0	738.2	-100000	-100000.000	-1.0
20250802 01:50	18.2	18.2	18.2	45	6.0	3	9	186	0.0	738.2	-100000	-100000.000	-1.0
20250802 01:55	18.1	18.1	18.1	44	5.6	3	9	168	0.0	738.2	-100000	-100000.000	-1.0
20250802 02:00	18.0	18.0	18.0	41	4.5	7	15	180	0.0	738.2	-100000	-100000.000	-1.0
20250802 02:05	17.9	17.9	17.9	36	2.6	8	21	187	0.0	738.2	-100000	-100000.000	-1.0
20250802 02:10	17.9	17.9	17.9	36	2.6	9	20	190	0.0	738.2	-100000	-100000.000	-1.0
20250802 02:15	17.8	17.8	17.8	36	2.5	8	17	192	0.0	738.2	-100000	-100000.000	-1.0
20250802 02:20	17.6	17.6	17.6	36	2.3	8	17	185	0.0	738.2	-100000	-100000.000	-1.0
20250802 02:25	17.4	17.4	17.4	36	2.2	8	14	183	0.0	738.2	-100000	-100000.000	-1.0
20250802 02:30	17.3	17.3	17.3	37	2.4	9	20	185	0.0	738.2	-100000	-100000.000	-1.0
20250802 02:35	17.1	17.1	17.1	37	2.2	10	17	181	0.0	738.2	-100000	-100000.000	-1.0
20250802 02:40	16.9	16.9	16.9	37	2.1	10	18	180	0.0	738.2	-100000	-100000.000	-1.0
20250802 02:45	16.8	16.8	16.8	37	2.0	10	16	181	0.0	738.2	-100000	-100000.000	-1.0
20250802 02:50	16.6	16.6	16.6	38	2.2	10	17	180	0.0	738.2	-100000	-100000.000	-1.0
20250802 02:55	16.4	16.4	16.4	38	2.0	12	18	180	0.0	738.2	-100000	-100000.000	-1.0
20250802 03:00	16.3	16.3	16.3	38	1.9	12	17	180	0.0	738.2	-100000	-100000.000	-1.0
20250802 03:05	16.2	16.2	16.2	38	1.8	13	22	180	0.0	738.2	-100000	-100000.000	-1.0
20250802 03:10	16.0	16.0	16.0	38	1.7	13	21	180	0.0	738.2	-100000	-100000.000	-1.0
20250802 03:15	15.9	15.9	15.9	38	1.6	14	24	180	0.0	738.2	-100000	-100000.000	-1.0
20250802 03:20	15.9	15.9	15.9	38	1.6	15	22	180	0.0	738.2	-100000	-100000.000	-1.0
20250802 03:25	15.8	15.8	15.8	38	1.5	17	30	180	0.0	738.2	-100000	-100000.000	-1.0
20250802 03:30	15.8	15.8	15.8	38	1.5	20	30	180	0.0	737.9	-100000	-100000.000	-1.0
20250802 03:35	15.8	15.8	15.8	38	1.5	22	33	180	0.0	737.9	-100000	-100000.000	-1.0
20250802 03:40	15.8	15.8	15.8	38	1.5	24	37	180	0.0	737.9	-100000	-100000.000	-1.0
20250802 03:45	15.8	15.8	15.8	37	1.1	25	34	180	0.0	737.9	-100000	-100000.000	-1.0
20250802 03:50	15.8	15.8	15.8	37	1.1	24	38	180	0.0	737.9	-100000	-100000.000	-1.0
20250802 03:55	15.8	15.8	15.8	37	1.1	24	38	180	0.0	737.9	-100000	-100000.000	-1.0
20250802 04:00	15.8	15.8	15.8	37	1.1	25	35	180	0.0	738.2	-100000	-100000.000	-1.0
20250802 04:05	15.8	15.8	15.8	37	1.1	25	36	180	0.0	738.2	-100000	-100000.000	-1.0
20250802 04:10	15.9	15.9	15.9	36	0.8	24	37	180	0.0	738.2	-100000	-100000.000	-1.0
20250802 04:15	15.9	15.9	15.9	36	0.8	23	37	180	0.0	738.2	-100000	-100000.000	-1.0
20250802 04:20	15.8	15.8	15.8	37	1.1	22	31	180	0.0	738.2	-100000	-100000.000	-1.0
20250802 04:25	15.7	15.7	15.7	37	1.0	22	34	180	0.0	738.6	-100000	-100000.000	-1.0
20250802 04:30	15.7	15.7	15.7	37	1.0	23	34	180	0.0	738.6	-100000	-100000.000	-1.0
20250802 04:35	15.8	15.8	15.8	37	1.1	23	32	180	0.0	738.6	-100000	-100000.000	-1.0
20250802 04:40	15.7	15.7	15.7	37	1.0	23	34	180	0.0	738.6	-100000	-100000.000	-1.0
20250802 04:45	15.7	15.7	15.7	37	1.0	23	35	180	0.0	738.6	-100000	-100000.000	-1.0
20250802 04:50	15.7	15.7	15.7	37	1.0	23	36	180	0.0	738.6	-100000	-100000.000	-1.0
20250802 04:55	15.7	15.7	15.7	37	1.0	23	36	180	0.0	738.6	-100000	-100000.000	-1.0
20250802 05:00	15.6	15.6	15.6	37	0.9	22	33	180	0.0	738.6	-100000	-100000.000	-1.0
20250802 05:05	15.6	15.6	15.6	37	0.9	23	33	180	0.0	738.6	-100000	-100000.000	-1.0
20250802 05:10	15.6	15.6	15.6	37	0.9	23	31	180	0.0	738.6	-100000	-100000.000	-1.0
20250802 05:15	15.6	15.6	15.6	37	0.9	23	35	180	0.0	738.6	-100000	-100000.000	-1.0
20250802 05:20	15.6	15.6	15.6	37	0.9	22	35	180	0.0	738.6	-100000	-100000.000	-1.0
20250802 05:25	15.5	15.5	15.5	37	0.9	22	35	180	0.0	738.6	-100000	-100000.000	-1.0
20250802 05:30	15.5	15.5	15.5	37	0.9	22	33	180	0.0	738.6	-100000	-100000.000	-1.0
20250802 05:35	15.5	15.5	15.5	37	0.9	22	33	180	0.0	738.6	-100000	-100000.000	-1.0
20250802 05:40	15.6	15.6	15.6	37	0.9	22	32	180	0.0	738.6	-100000	-100000.000	-1.0
20250802 05:45	15.5	15.5	15.5	37	0.9	22	36	180	0.0	738.6	-100000	-100000.000	-1.0
20250802 05:50	15.5	15.5	15.5	37	0.9	21	32	180	0.0	738.6	-100000	-100000.000	-1.0
20250802 05:55	15.5	15.5	15.5	37	0.9	22	33	180	0.0	738.6	-100000	-100000.000	-1.0
20250802 06:00	15.5	15.5	15.5	37	0.9	22	30	180	0.0	738.6	-100000	-100000.000	-1.0
20250802 06:05	15.5	15.5	15.5	36	0.5	22	34	180	0.0	738.6	-100000	-100000.000	-1.0
20250802 06:10	15.5	15.5	15.5	36	0.5	23	33	180	0.0	738.6	-100000	-100000.000	-1.0
20250802 06:15	15.5	15.5	15.5	36	0.5	24	34	180	0.0	738.6	-100000	-100000.000	-1.0
20250802 06:20	15.5	15.5	15.5	36	0.5	23	35	180	0.0	738.6	-100000	-100000.000	-1.0
20250802 06:25	15.5	15.5	15.5	35	0.1	23	35	180	0.0	738.6	-100000	-100000.000	-1.0
20250802 06:30	15.4	15.4	15.4	35	0.0	22	32	180	0.0	738.6	-100000	-100000.000	-1.0
20250802 06:35	15.4	15.4	15.4	35	0.0	22	31	180	0.0	738.6	-100000	-100000.000	-1.0
20250802 06:40	15.3	15.3	15.3	35	-0.1	23	32	180	0.0	738.6	-100000	-100000.000	-1.0
20250802 06:45	15.3	15.3	15.3	36	0.3	22	34	180	0.0	738.6	-100000	-100000.000	-1.0
20250802 06:50	15.3	15.3	15.3	36	0.3	22	34	180	0.0	738.6	-100000	-100000.000	-1.0
20250802 06:55	15.3	15.3	15.3	36	0.3	22	33	180	0.0	738.6	-100000	-100000.000	-1.0
20250802 07:00	15.3	15.3	15.3	36	0.3	22	35	181	0.0	738.6	-100000	-100000.000	-1.0
20250802 07:05	15.2	15.2	15.2	36	0.2	23	35	181	0.0	738.6	-100000	-100000.000	-1.0
20250802 07:10	15.2	15.2	15.2	36	0.2	25	35	190	0.0	738.6	-100000	-100000.000	-1.0
20250802 07:15	15.3	15.3	15.3	36	0.3	23	34	183	0.0	738.6	-100000	-100000.000	-1.0
20250802 07:20	15.2	15.2	15.2	36	0.2	23	32	183	0.0	738.6	-100000	-100000.000	-1.0
20250802 07:25	15.2	15.2	15.2	36	0.2	24	36	181	0.0	738.6	-100000	-100000.000	-1.0
20250802 07:30	15.2	15.2	15.2	36	0.2	24	38	180	0.0	738.6	-100000	-100000.000	-1.0
20250802 07:35	15.1	15.1	15.1	37	0.5	24	33	181	0.0	738.6	-100000	-100000.000	-1.0
20250802 07:40	15.2	15.2	15.2	37	0.6	24	33	183	0.0	738.6	-100000	-100000.000	-1.0
20250802 07:45	15.2	15.2	15.2	37	0.6	24	32	181	0.0	738.6	-100000	-100000.000	-1.0
20250802 07:50	15.1	15.1	15.1	37	0.5	24	35	181	0.0	738.6	-100000	-100000.000	-1.0
20250802 07:55	15.2	15.2	15.2	38	0.9	25	37	189	0.0	738.6	-100000	-100000.000	-1.0
20250802 08:00	15.2	15.2	15.2	37	0.6	24	32	189	0.0	738.6	-100000	-100000.000	-1.0
20250802 08:05	15.2	15.2	15.2	37	0.6	24	33	187	0.0	738.6	-100000	-100000.000	-1.0
20250802 08:10	15.1	15.1	15.1	37	0.5	25	32	192	0.0	738.6	-100000	-100000.000	-1.0
20250802 08:15	15.2	15.2	15.2	37	0.6	24	33	183	0.0	738.6	-100000	-100000.000	-1.0
20250802 08:20	15.2	15.2	15.2	37	0.6	24	33	190	0.0	738.2	-100000	-100000.000	-1.0
20250802 08:25	15.2	15.2	15.2	38	0.9	24	35	185	0.0	738.2	-100000	-100000.000	-1.0
20250802 08:30	15.1	15.1	15.1	38	0.8	23	35	189	0.0	738.2	-100000	-100000.000	-1.0
20250802 08:35	15.1	15.1	15.1	38	0.8	24	34	185	0.0	738.2	-100000	-100000.000	-1.0
20250802 08:40	15.1	15.1	15.1	39	1.2	24	33	180	0.0	738.2	-100000	-100000.000	-1.0
20250802 08:45	15.0	15.0	15.0	39	1.2	23	32	180	0.0	738.2	-100000	-100000.000	-1.0
20250802 08:50	14.9	14.9	14.9	39	1.1	23	33	185	0.0	738.2	-100000	-100000.000	-1.0
20250802 08:55	15.0	15.0	15.0	38	0.8	23	31	190	0.0	738.2	-100000	-100000.000	-1.0
20250802 09:00	15.0	15.0	15.0	38	0.8	24	36	190	0.0	738.2	-100000	-100000.000	-1.0
20250802 09:05	15.1	15.1	15.1	38	0.8	23	33	190	0.0	738.2	-100000	-100000.000	-1.0
20250802 09:10	15.0	15.0	15.0	38	0.8	23	30	183	0.0	738.2	-100000	-100000.000	-1.0
20250802 09:15	15.0	15.0	15.0	38	0.8	23	31	181	0.0	738.2	-100000	-100000.000	-1.0
20250802 09:20	14.9	14.9	14.9	38	0.7	24	35	192	0.0	738.2	-100000	-100000.000	-1.0
20250802 09:25	14.9	14.9	14.9	37	0.3	24	32	194	0.0	738.2	-100000	-100000.000	-1.0
20250802 09:30	15.0	15.0	15.0	36	0.0	25	32	198	0.0	737.9	-100000	-100000.000	-1.0
20250802 09:35	15.0	15.0	15.0	36	0.0	24	31	192	0.0	737.9	-100000	-100000.000	-1.0
20250802 09:40	14.9	14.9	14.9	36	-0.1	25	31	189	0.0	737.9	-100000	-100000.000	-1.0
20250802 09:45	14.9	14.9	14.9	35	-0.4	25	32	196	0.0	737.9	-100000	-100000.000	-1.0
20250802 09:50	14.9	14.9	14.9	34	-0.8	25	34	198	0.0	737.9	-100000	-100000.000	-1.0
20250802 09:55	15.1	15.1	15.1	32	-1.5	25	32	198	0.0	737.9	-100000	-100000.000	-1.0
20250802 10:00	15.2	15.2	15.2	31	-1.8	25	31	198	0.0	737.9	-100000	-100000.000	-1.0
20250802 10:05	15.3	15.3	15.3	31	-1.8	25	34	198	0.0	737.9	-100000	-100000.000	-1.0
20250802 10:10	15.2	15.2	15.2	30	-2.3	24	30	198	0.0	737.9	-100000	-100000.000	-1.0
20250802 10:15	15.1	15.1	15.1	29	-2.8	24	31	198	0.0	737.9	-100000	-100000.000	-1.0
20250802 10:20	15.3	15.3	15.3	28	-3.1	24	29	198	0.0	737.9	-100000	-100000.000	-1.0
20250802 10:25	15.3	15.3	15.3	27	-3.6	24	30	198	0.0	737.9	-100000	-100000.000	-1.0
20250802 10:30	15.3	15.3	15.3	26	-4.1	23	31	198	0.0	737.9	-100000	-100000.000	-1.0
20250802 10:35	15.3	15.3	15.3	26	-4.1	22	27	198	0.0	737.9	-100000	-100000.000	-1.0
20250802 10:40	15.3	15.3	15.3	25	-4.6	22	28	198	0.0	737.9	-100000	-100000.000	-1.0
20250802 10:45	15.4	15.4	15.4	25	-4.5	23	28	198	0.0	737.9	-100000	-100000.000	-1.0
20250802 10:50	15.3	15.3	15.3	26	-4.1	23	30	198	0.0	737.9	-100000	-100000.000	-1.0
20250802 10:55	15.2	15.2	15.2	26	-4.2	23	29	198	0.0	737.9	-100000	-100000.000	-1.0
20250802 11:00	15.3	15.3	15.3	24	-5.2	24	33	198	0.0	737.9	-100000	-100000.000	-1.0
20250802 11:05	15.3	15.3	15.3	23	-5.7	24	30	198	0.0	737.9	-100000	-100000.000	-1.0
20250802 11:10	15.5	15.5	15.5	22	-6.1	24	33	198	0.0	737.9	-100000	-100000.000	-1.0
20250802 11:15	15.4	15.4	15.4	22	-6.2	24	30	198	0.0	737.9	-100000	-100000.000	-1.0
20250802 11:20	15.5	15.5	15.5	22	-6.1	25	32	198	0.0	737.9	-100000	-100000.000	-1.0
20250802 11:25	15.4	15.4	15.4	22	-6.2	24	32	198	0.0	737.9	-100000	-100000.000	-1.0
20250802 11:30	15.5	15.5	15.5	21	-6.7	24	35	198	0.0	737.9	-100000	-100000.000	-1.0
20250802 11:35	15.5	15.5	15.5	21	-6.7	22	30	198	0.0	737.9	-100000	-100000.000	-1.0
20250802 11:40	15.5	15.5	15.5	21	-6.7	21	29	198	0.0	737.9	-100000	-100000.000	-1.0
20250802 11:45	15.4	15.4	15.4	21	-6.8	22	28	198	0.0	737.9	-100000	-100000.000	-1.0
20250802 11:50	15.5	15.5	15.5	20	-7.4	23	30	198	0.0	737.9	-100000	-100000.000	-1.0
20250802 11:55	15.5	15.5	15.5	20	-7.4	22	30	198	0.0	737.9	-100000	-100000.000	-1.0
20250802 12:00	15.5	15.5	15.5	19	-8.0	22	31	198	0.0	737.9	-100000	-100000.000	-1.0
20250802 12:05	15.6	15.6	15.6	18	-8.7	22	28	198	0.0	737.9	-100000	-100000.000	-1.0
20250802 12:10	15.6	15.6	15.6	18	-8.7	22	31	198	0.0	737.9	-100000	-100000.000	-1.0
20250802 12:15	15.7	15.7	15.7	18	-8.6	21	31	198	0.0	737.9	-100000	-100000.000	-1.0
20250802 12:20	15.6	15.6	15.6	18	-8.7	22	31	198	0.0	737.9	-100000	-100000.000	-1.0
20250802 12:25	15.6	15.6	15.6	18	-8.7	22	30	198	0.0	737.9	-100000	-100000.000	-1.0
20250802 12:30	15.7	15.7	15.7	17	-9.3	22	28	198	0.0	737.9	-100000	-100000.000	-1.0
20250802 12:35	15.6	15.6	15.6	17	-9.4	22	32	198	0.0	737.9	-100000	-100000.000	-1.0
20250802 12:40	15.5	15.5	15.5	17	-9.4	22	29	198	0.0	737.9	-100000	-100000.000	-1.0
20250802 12:45	15.7	15.7	15.7	17	-9.3	22	32	198	0.0	737.9	-100000	-100000.000	-1.0
20250802 12:50	15.7	15.7	15.7	17	-9.3	22	28	198	0.0	737.9	-100000	-100000.000	-1.0
20250802 12:55	15.7	15.7	15.7	17	-9.3	22	29	198	0.0	738.2	-100000	-100000.000	-1.0
20250802 13:00	15.7	15.7	15.7	17	-9.3	22	28	196	0.0	738.2	-100000	-100000.000	-1.0
20250802 13:05	15.7	15.7	15.7	17	-9.3	21	29	198	0.0	738.2	-100000	-100000.000	-1.0
20250802 13:10	15.5	15.5	15.5	17	-9.4	21	30	192	0.0	738.2	-100000	-100000.000	-1.0
20250802 13:15	15.6	15.6	15.6	16	-10.2	21	28	198	0.0	738.2	-100000	-100000.000	-1.0
20250802 13:20	15.6	15.6	15.6	16	-10.2	21	28	194	0.0	738.2	-100000	-100000.000	-1.0
20250802 13:25	15.6	15.6	15.6	16	-10.2	22	29	198	0.0	738.2	-100000	-100000.000	-1.0
20250802 13:30	15.8	15.8	15.8	16	-10.0	20	31	196	0.0	738.2	-100000	-100000.000	-1.0
20250802 13:35	15.7	15.7	15.7	16	-10.1	21	31	190	0.0	738.2	-100000	-100000.000	-1.0
20250802 13:40	15.7	15.7	15.7	16	-10.1	21	33	192	0.0	738.2	-100000	-100000.000	-1.0
20250802 13:45	15.9	15.9	15.9	16	-9.9	20	28	194	0.0	738.2	-100000	-100000.000	-1.0
20250802 13:50	16.0	16.0	16.0	15	-10.6	19	28	185	0.0	738.2	-100000	-100000.000	-1.0
20250802 13:55	15.9	15.9	15.9	15	-10.7	18	30	180	0.0	738.6	-100000	-100000.000	-1.0
20250802 14:00	15.9	15.9	15.9	15	-10.7	18	28	185	0.0	738.6	-100000	-100000.000	-1.0
20250802 14:05	15.9	15.9	15.9	14	-11.6	18	29	183	0.0	738.6	-100000	-100000.000	-1.0
20250802 14:10	16.0	16.0	16.0	14	-11.5	16	24	180	0.0	738.6	-100000	-100000.000	-1.0
20250802 14:15	16.1	16.1	16.1	14	-11.4	16	26	180	0.0	738.6	-100000	-100000.000	-1.0
20250802 14:20	16.2	16.2	16.2	14	-11.4	15	23	180	0.0	738.6	-100000	-100000.000	-1.0
20250802 14:25	16.3	16.3	16.3	14	-11.3	15	21	180	0.0	738.6	-100000	-100000.000	-1.0
20250802 14:30	16.5	16.5	16.5	14	-11.1	14	23	180	0.0	738.9	-100000	-100000.000	-1.0
20250802 14:35	16.6	16.6	16.6	14	-11.0	14	21	180	0.0	738.9	-100000	-100000.000	-1.0
20250802 14:40	16.8	16.8	16.8	14	-10.9	13	22	180	0.0	738.9	-100000	-100000.000	-1.0
20250802 14:45	17.0	17.0	17.0	14	-10.7	14	22	183	0.0	738.9	-100000	-100000.000	-1.0
20250802 14:50	17.1	17.1	17.1	14	-10.6	13	23	180	0.0	738.9	-100000	-100000.000	-1.0
20250802 14:55	17.2	17.2	17.2	14	-10.6	12	18	187	0.0	738.9	-100000	-100000.000	-1.0
20250802 15:00	17.4	17.4	17.4	14	-10.4	12	18	180	0.0	739.3	-100000	-100000.000	-1.0
20250802 15:05	17.6	17.6	17.6	14	-10.3	11	18	180	0.0	739.3	-100000	-100000.000	-1.0
20250802 15:10	17.7	17.7	17.7	14	-10.2	12	18	178	0.0	739.3	-100000	-100000.000	-1.0
20250802 15:15	17.7	17.7	17.7	14	-10.2	10	15	176	0.0	739.3	-100000	-100000.000	-1.0
20250802 15:20	17.9	17.9	17.9	14	-10.0	11	15	180	0.0	739.3	-100000	-100000.000	-1.0
20250802 15:25	18.0	18.0	18.0	14	-9.9	11	16	172	0.0	739.3	-100000	-100000.000	-1.0
20250802 15:30	18.1	18.1	18.1	14	-9.9	9	16	185	0.0	739.3	-100000	-100000.000	-1.0
20250802 15:35	18.5	18.5	18.5	14	-9.5	9	17	196	0.0	739.3	-100000	-100000.000	-1.0
20250802 15:40	18.7	18.7	18.7	14	-9.4	10	18	185	0.0	739.3	-100000	-100000.000	-1.0
20250802 15:45	18.8	18.8	18.8	15	-8.4	9	15	198	0.0	739.3	-100000	-100000.000	-1.0
20250802 15:50	19.0	19.0	19.0	15	-8.2	10	21	198	0.0	739.3	-100000	-100000.000	-1.0
20250802 15:55	19.0	19.0	19.0	15	-8.2	10	19	187	0.0	739.3	-100000	-100000.000	-1.0
20250802 16:00	19.3	19.3	19.3	15	-8.0	8	19	181	0.0	739.6	-100000	-100000.000	-1.0
20250802 16:05	19.7	19.7	19.7	15	-7.7	8	15	196	0.0	739.6	-100000	-100000.000	-1.0
20250802 16:10	19.9	19.9	19.9	15	-7.5	10	20	190	0.0	739.6	-100000	-100000.000	-1.0
20250802 16:15	19.9	19.9	19.9	15	-7.5	10	19	189	0.0	739.6	-100000	-100000.000	-1.0
20250802 16:20	20.0	20.0	20.0	15	-7.4	7	19	205	0.0	739.6	-100000	-100000.000	-1.0
20250802 16:25	20.4	20.4	20.4	15	-7.1	10	17	190	0.0	739.6	-100000	-100000.000	-1.0
20250802 16:30	20.4	20.4	20.4	15	-7.1	9	19	196	0.0	739.6	-100000	-100000.000	-1.0
20250802 16:35	20.8	20.8	20.8	17	-5.2	11	23	178	0.0	739.6	-100000	-100000.000	-1.0
20250802 16:40	20.7	20.7	20.7	17	-5.3	11	20	192	0.0	739.6	-100000	-100000.000	-1.0
20250802 16:45	20.6	20.6	20.6	16	-6.1	13	27	198	0.0	739.6	-100000	-100000.000	-1.0
20250802 16:50	20.6	20.6	20.6	16	-6.1	12	23	198	0.0	739.6	-100000	-100000.000	-1.0
20250802 16:55	20.3	20.3	20.3	16	-6.4	14	33	194	0.0	739.6	-100000	-100000.000	-1.0
20250802 17:00	20.4	20.4	20.4	16	-6.3	14	23	194	0.0	739.6	-100000	-100000.000	-1.0
20250802 17:05	20.6	20.6	20.6	17	-5.3	14	28	201	0.0	739.6	-100000	-100000.000	-1.0
20250802 17:10	20.4	20.4	20.4	17	-5.5	11	26	203	0.0	739.6	-100000	-100000.000	-1.0
20250802 17:15	20.9	20.9	20.9	16	-5.9	15	28	196	0.0	739.6	-100000	-100000.000	-1.0
20250802 17:20	20.6	20.6	20.6	16	-6.1	12	28	194	0.0	739.6	-100000	-100000.000	-1.0
20250802 17:25	21.0	21.0	21.0	17	-5.0	11	21	192	0.0	739.6	-100000	-100000.000	-1.0
20250802 17:30	21.3	21.3	21.3	17	-4.8	12	26	198	0.0	739.6	-100000	-100000.000	-1.0
20250802 17:35	21.7	21.7	21.7	17	-4.4	13	26	199	0.0	739.6	-100000	-100000.000	-1.0
20250802 17:40	21.2	21.2	21.2	17	-4.9	12	23	196	0.0	739.6	-100000	-100000.000	-1.0
20250802 17:45	21.5	21.5	21.5	17	-4.6	11	29	208	0.0	739.6	-100000	-100000.000	-1.0
20250802 17:50	21.8	21.8	21.8	19	-2.9	16	32	192	0.0	739.6	-100000	-100000.000	-1.0
20250802 17:55	21.7	21.7	21.7	17	-4.4	13	25	199	0.0	739.6	-100000	-100000.000	-1.0
20250802 18:00	21.3	21.3	21.3	19	-3.3	10	23	205	0.0	739.6	-100000	-100000.000	-1.0
20250802 18:05	22.0	22.0	22.0	19	-2.7	14	30	192	0.0	739.6	-100000	-100000.000	-1.0
20250802 18:10	21.8	21.8	21.8	20	-2.2	10	23	190	0.0	739.6	-100000	-100000.000	-1.0
20250802 18:15	22.2	22.2	22.2	22	-0.6	13	31	194	0.0	739.6	-100000	-100000.000	-1.0
20250802 18:20	21.9	21.9	21.9	21	-1.4	13	25	198	0.0	739.6	-100000	-100000.000	-1.0
20250802 18:25	21.6	21.6	21.6	21	-1.7	10	24	198	0.0	739.9	-100000	-100000.000	-1.0
20250802 18:30	22.3	22.3	22.3	21	-1.1	12	30	196	0.0	739.9	-100000	-100000.000	-1.0
20250802 18:35	22.6	22.6	22.6	22	-0.2	13	26	198	0.0	739.9	-100000	-100000.000	-1.0
20250802 18:40	22.6	22.6	22.6	21	-0.9	12	23	199	0.0	739.9	-100000	-100000.000	-1.0
20250802 18:45	22.7	22.7	22.7	22	-0.1	13	30	199	0.0	739.9	-100000	-100000.000	-1.0
20250802 18:50	21.7	21.7	21.7	22	-1.0	12	25	192	0.0	739.9	-100000	-100000.000	-1.0
20250802 18:55	22.5	22.5	22.5	22	-0.3	13	25	189	0.0	739.9	-100000	-100000.000	-1.0
20250802 19:00	22.4	22.4	22.4	22	-0.4	13	34	199	0.0	739.9	-100000	-100000.000	-1.0
20250802 19:05	22.5	22.5	22.5	21	-0.9	15	34	192	0.0	739.9	-100000	-100000.000	-1.0
20250802 19:10	22.2	22.2	22.2	23	0.0	16	35	185	0.0	739.9	-100000	-100000.000	-1.0
20250802 19:15	22.3	22.3	22.3	23	0.1	15	33	178	0.0	739.9	-100000	-100000.000	-1.0
20250802 19:20	21.8	21.8	21.8	22	-0.9	13	27	187	0.0	739.9	-100000	-100000.000	-1.0
20250802 19:25	22.4	22.4	22.4	23	0.2	13	28	190	0.0	739.9	-100000	-100000.000	-1.0
20250802 19:30	22.3	22.3	22.3	22	-0.5	13	28	189	0.0	739.9	-100000	-100000.000	-1.0
20250802 19:35	22.5	22.5	22.5	22	-0.3	11	28	190	0.0	739.9	-100000	-100000.000	-1.0
20250802 19:40	22.6	22.6	22.6	22	-0.2	12	29	199	0.0	739.9	-100000	-100000.000	-1.0
20250802 19:45	22.7	22.7	22.7	21	-0.8	14	28	196	0.0	739.6	-100000	-100000.000	-1.0
20250802 19:50	22.5	22.5	22.5	23	0.3	10	33	207	0.0	739.6	-100000	-100000.000	-1.0
20250802 19:55	23.0	23.0	23.0	23	0.7	13	28	194	0.0	739.6	-100000	-100000.000	-1.0
20250802 20:00	22.9	22.9	22.9	23	0.7	13	23	183	0.0	739.6	-100000	-100000.000	-1.0
20250802 20:05	22.8	22.8	22.8	23	0.6	15	27	187	0.0	739.6	-100000	-100000.000	-1.0
20250802 20:10	21.9	21.9	21.9	24	0.4	14	28	196	0.0	739.6	-100000	-100000.000	-1.0
20250802 20:15	22.1	22.1	22.1	24	0.5	10	27	199	0.0	739.6	-100000	-100000.000	-1.0
20250802 20:20	22.9	22.9	22.9	24	1.2	13	32	196	0.0	739.6	-100000	-100000.000	-1.0
20250802 20:25	22.3	22.3	22.3	24	0.7	12	29	201	0.0	739.6	-100000	-100000.000	-1.0
20250802 20:30	22.2	22.2	22.2	24	0.6	14	31	194	0.0	739.6	-100000	-100000.000	-1.0
20250802 20:35	21.8	21.8	21.8	24	0.3	10	22	196	0.0	739.6	-100000	-100000.000	-1.0
20250802 20:40	22.8	22.8	22.8	23	0.6	11	30	201	0.0	739.6	-100000	-100000.000	-1.0
20250802 20:45	22.7	22.7	22.7	23	0.5	10	24	205	0.0	739.6	-100000	-100000.000	-1.0
20250802 20:50	22.8	22.8	22.8	22	-0.1	9	23	203	0.0	739.6	-100000	-100000.000	-1.0
20250802 20:55	23.5	23.5	23.5	24	1.8	11	30	203	0.0	739.6	-100000	-100000.000	-1.0
20250802 21:00	22.9	22.9	22.9	23	0.7	9	30	214	0.0	739.6	-100000	-100000.000	-1.0
20250802 21:05	23.0	23.0	23.0	24	1.3	7	26	221	0.0	739.6	-100000	-100000.000	-1.0
20250802 21:10	22.8	22.8	22.8	22	-0.1	8	22	212	0.0	739.6	-100000	-100000.000	-1.0
20250802 21:15	23.3	23.3	23.3	23	1.0	8	22	208	0.0	739.6	-100000	-100000.000	-1.0
20250802 21:20	23.6	23.6	23.6	23	1.2	10	23	203	0.0	739.6	-100000	-100000.000	-1.0
20250802 21:25	23.3	23.3	23.3	24	1.6	8	23	212	0.0	739.6	-100000	-100000.000	-1.0
20250802 21:30	23.2	23.2	23.2	24	1.5	9	24	207	0.0	739.6	-100000	-100000.000	-1.0
20250802 21:35	23.1	23.1	23.1	24	1.4	8	23	212	0.0	739.6	-100000	-100000.000	-1.0
20250802 21:40	23.4	23.4	23.4	25	2.2	10	25	207	0.0	739.6	-100000	-100000.000	-1.0
20250802 21:45	23.1	23.1	23.1	25	2.0	10	24	201	0.0	739.6	-100000	-100000.000	-1.0
20250802 21:50	23.0	23.0	23.0	23	0.7	8	19	203	0.0	739.6	-100000	-100000.000	-1.0
20250802 21:55	23.4	23.4	23.4	24	1.7	8	23	199	0.0	739.6	-100000	-100000.000	-1.0
20250802 22:00	23.7	23.7	23.7	23	1.3	7	25	212	0.0	739.3	-100000	-100000.000	-1.0
20250802 22:05	23.5	23.5	23.5	23	1.2	10	23	210	0.0	739.3	-100000	-100000.000	-1.0
20250802 22:10	22.6	22.6	22.6	24	1.0	10	23	214	0.0	739.3	-100000	-100000.000	-1.0
20250802 22:15	22.8	22.8	22.8	24	1.1	11	27	198	0.0	739.3	-100000	-100000.000	-1.0
20250802 22:20	22.3	22.3	22.3	24	0.7	6	20	216	0.0	739.3	-100000	-100000.000	-1.0
20250802 22:25	23.0	23.0	23.0	24	1.3	9	20	201	0.0	739.3	-100000	-100000.000	-1.0
20250802 22:30	22.7	22.7	22.7	23	0.5	8	20	210	0.0	739.3	-100000	-100000.000	-1.0
20250802 22:35	22.3	22.3	22.3	23	0.1	5	22	203	0.0	739.3	-100000	-100000.000	-1.0
20250802 22:40	22.8	22.8	22.8	23	0.6	7	19	203	0.0	739.3	-100000	-100000.000	-1.0
20250802 22:45	22.8	22.8	22.8	23	0.6	4	12	243	0.0	739.3	-100000	-100000.000	-1.0
20250802 22:50	23.2	23.2	23.2	23	0.9	4	19	153	0.0	739.3	-100000	-100000.000	-1.0
20250802 22:55	23.1	23.1	23.1	23	0.8	5	19	228	0.0	739.3	-100000	-100000.000	-1.0
20250802 23:00	23.3	23.3	23.3	23	1.0	5	23	221	0.0	738.9	-100000	-100000.000	-1.0
20250802 23:05	23.3	23.3	23.3	23	1.0	6	23	223	0.0	738.9	-100000	-100000.000	-1.0
20250802 23:10	23.1	23.1	23.1	23	0.8	4	13	223	0.0	738.9	-100000	-100000.000	-1.0
20250802 23:15	23.1	23.1	23.1	23	0.8	3	11	144	0.0	738.9	-100000	-100000.000	-1.0
20250802 23:20	23.4	23.4	23.4	23	1.1	5	15	204	0.0	738.9	-100000	-100000.000	-1.0
20250802 23:25	23.5	23.5	23.5	23	1.2	5	17	192	0.0	738.9	-100000	-100000.000	-1.0
20250802 23:30	23.1	23.1	23.1	24	1.4	5	16	196	0.0	738.9	-100000	-100000.000	-1.0
20250802 23:35	23.3	23.3	23.3	24	1.6	5	16	216	0.0	738.9	-100000	-100000.000	-1.0
20250802 23:40	23.0	23.0	23.0	24	1.3	3	14	183	0.0	738.9	-100000	-100000.000	-1.0
20250802 23:45	23.5	23.5	23.5	24	1.8	6	16	210	0.0	738.9	-100000	-100000.000	-1.0
20250802 23:50	23.4	23.4	23.4	24	1.7	8	20	214	0.0	738.9	-100000	-100000.000	-1.0
20250802 23:55	22.3	22.3	22.3	25	1.3	6	19	216	0.0	738.6	-100000	-100000.000	-1.0
