--Timestamp---	Temp	Chill	HIndex	Humid	Dewpt	 Wind 	HiWind	WindDir	Rain 	Barom	Solar	 ET  	 UV 
--------------	----	-----	------	-----	-----	------	------	-------	-----	-----	-----	-----	----
20250924 00:00	12.5	12.5	12.5	100	12.5	8	13	3	0.0	732.1	-100000	-100000.000	-1.0
20250924 00:05	12.5	12.5	12.5	100	12.5	7	12	9	0.0	732.1	-100000	-100000.000	-1.0
20250924 00:10	12.5	12.5	12.5	100	12.5	7	11	3	0.0	732.1	-100000	-100000.000	-1.0
20250924 00:15	12.3	12.3	12.3	100	12.3	6	11	354	0.0	732.1	-100000	-100000.000	-1.0
20250924 00:20	12.3	12.3	12.3	100	12.3	8	15	358	0.0	732.1	-100000	-100000.000	-1.0
20250924 00:25	12.4	12.4	12.4	100	12.4	8	16	25	0.0	732.1	-100000	-100000.000	-1.0
20250924 00:30	12.4	12.4	12.4	100	12.4	8	13	14	0.0	732.1	-100000	-100000.000	-1.0
20250924 00:35	12.4	12.4	12.4	100	12.4	5	11	18	0.0	732.3	-100000	-100000.000	-1.0
20250924 00:40	12.5	12.5	12.5	100	12.5	5	9	41	0.0	732.1	-100000	-100000.000	-1.0
20250924 00:45	12.8	12.8	12.8	98	12.5	5	10	126	0.0	732.1	-100000	-100000.000	-1.0
20250924 00:50	13.5	13.5	13.5	94	12.6	7	12	171	0.0	732.1	-100000	-100000.000	-1.0
20250924 00:55	13.9	13.9	13.9	92	12.7	5	12	187	0.0	732.2	-100000	-100000.000	-1.0
20250924 01:00	14.0	14.0	14.0	93	12.8	1	6	180	0.0	732.3	-100000	-100000.000	-1.0
20250924 01:05	13.5	13.5	13.5	95	12.7	3	6	0	0.0	732.3	-100000	-100000.000	-1.0
20250924 01:10	12.6	12.6	12.6	100	12.6	2	6	16	0.0	732.4	-100000	-100000.000	-1.0
20250924 01:15	12.8	12.8	12.8	99	12.6	6	11	190	0.0	732.3	-100000	-100000.000	-1.0
20250924 01:20	13.5	13.5	13.5	95	12.7	9	12	176	0.0	732.2	-100000	-100000.000	-1.0
20250924 01:25	13.5	13.5	13.5	95	12.7	10	15	178	0.0	732.1	-100000	-100000.000	-1.0
20250924 01:30	13.5	13.5	13.5	95	12.7	10	14	178	0.0	732.3	-100000	-100000.000	-1.0
20250924 01:35	13.4	13.4	13.4	95	12.7	12	19	176	0.0	732.2	-100000	-100000.000	-1.0
20250924 01:40	13.4	13.4	13.4	95	12.6	13	18	180	0.0	732.4	-100000	-100000.000	-1.0
20250924 01:45	13.3	13.3	13.3	95	12.5	12	17	180	0.0	732.4	-100000	-100000.000	-1.0
20250924 01:50	13.5	13.5	13.5	91	12.1	12	17	180	0.0	732.4	-100000	-100000.000	-1.0
20250924 01:55	13.5	13.5	13.5	90	11.9	11	16	180	0.0	732.5	-100000	-100000.000	-1.0
20250924 02:00	13.5	13.5	13.5	89	11.7	11	16	180	0.0	732.5	-100000	-100000.000	-1.0
20250924 02:05	13.5	13.5	13.5	88	11.5	12	17	180	0.0	732.5	-100000	-100000.000	-1.0
20250924 02:10	13.5	13.5	13.5	88	11.5	13	21	180	0.0	732.5	-100000	-100000.000	-1.0
20250924 02:15	13.5	13.5	13.5	82	10.6	13	21	180	0.0	732.5	-100000	-100000.000	-1.0
20250924 02:20	13.6	13.6	13.6	77	9.6	14	24	176	0.0	732.5	-100000	-100000.000	-1.0
20250924 02:25	13.7	13.7	13.7	74	9.1	14	21	178	0.0	732.5	-100000	-100000.000	-1.0
20250924 02:30	13.9	13.9	13.9	70	8.5	14	22	176	0.0	732.5	-100000	-100000.000	-1.0
20250924 02:35	13.9	13.9	13.9	72	8.9	12	19	180	0.0	732.5	-100000	-100000.000	-1.0
20250924 02:40	13.7	13.7	13.7	72	8.7	13	19	180	0.0	732.5	-100000	-100000.000	-1.0
20250924 02:45	13.7	13.7	13.7	72	8.8	12	19	180	0.0	732.5	-100000	-100000.000	-1.0
20250924 02:50	13.6	13.6	13.6	73	8.8	12	18	180	0.0	732.5	-100000	-100000.000	-1.0
20250924 02:55	13.6	13.6	13.6	73	8.8	11	17	180	0.0	732.7	-100000	-100000.000	-1.0
20250924 03:00	13.6	13.6	13.6	72	8.7	13	21	180	0.0	732.8	-100000	-100000.000	-1.0
20250924 03:05	13.6	13.6	13.6	72	8.7	12	19	174	0.0	732.8	-100000	-100000.000	-1.0
20250924 03:10	13.5	13.5	13.5	73	8.9	13	22	169	0.0	732.8	-100000	-100000.000	-1.0
20250924 03:15	13.5	13.5	13.5	74	8.9	14	22	176	0.0	732.8	-100000	-100000.000	-1.0
20250924 03:20	13.4	13.4	13.4	74	8.9	13	22	180	0.0	732.8	-100000	-100000.000	-1.0
20250924 03:25	13.3	13.3	13.3	74	8.8	14	21	169	0.0	732.8	-100000	-100000.000	-1.0
20250924 03:30	13.3	13.3	13.3	74	8.8	15	25	174	0.0	732.9	-100000	-100000.000	-1.0
20250924 03:35	13.3	13.3	13.3	74	8.8	15	23	172	0.0	733.2	-100000	-100000.000	-1.0
20250924 03:40	13.3	13.3	13.3	75	8.9	14	26	172	0.0	733.2	-100000	-100000.000	-1.0
20250924 03:45	13.2	13.2	13.2	73	8.5	15	25	167	0.0	733.2	-100000	-100000.000	-1.0
20250924 03:50	13.3	13.3	13.3	71	8.2	16	26	167	0.0	733.2	-100000	-100000.000	-1.0
20250924 03:55	13.3	13.3	13.3	71	8.2	16	27	167	0.0	733.2	-100000	-100000.000	-1.0
20250924 04:00	13.4	13.4	13.4	70	8.1	17	27	169	0.0	733.2	-100000	-100000.000	-1.0
20250924 04:05	13.4	13.4	13.4	70	8.0	15	26	176	0.0	733.3	-100000	-100000.000	-1.0
20250924 04:10	13.4	13.4	13.4	69	7.9	15	24	171	0.0	733.5	-100000	-100000.000	-1.0
20250924 04:15	13.4	13.4	13.4	68	7.6	16	31	162	0.0	733.4	-100000	-100000.000	-1.0
20250924 04:20	13.5	13.5	13.5	66	7.3	16	25	169	0.0	733.5	-100000	-100000.000	-1.0
20250924 04:25	13.6	13.6	13.6	64	7.0	16	27	167	0.0	733.5	-100000	-100000.000	-1.0
20250924 04:30	13.7	13.7	13.7	64	7.0	15	27	167	0.0	733.5	-100000	-100000.000	-1.0
20250924 04:35	13.7	13.7	13.7	63	6.8	14	24	171	0.0	733.5	-100000	-100000.000	-1.0
20250924 04:40	13.7	13.7	13.7	64	7.0	13	21	165	0.0	733.5	-100000	-100000.000	-1.0
20250924 04:45	13.7	13.7	13.7	64	7.0	13	25	162	0.0	733.5	-100000	-100000.000	-1.0
20250924 04:50	13.7	13.7	13.7	62	6.6	14	22	162	0.0	733.5	-100000	-100000.000	-1.0
20250924 04:55	13.8	13.8	13.8	62	6.7	14	23	162	0.0	733.5	-100000	-100000.000	-1.0
20250924 05:00	13.9	13.9	13.9	63	7.0	14	23	162	0.0	733.5	-100000	-100000.000	-1.0
20250924 05:05	13.9	13.9	13.9	62	6.7	15	26	165	0.0	733.5	-100000	-100000.000	-1.0
20250924 05:10	14.0	14.0	14.0	61	6.6	15	25	163	0.0	733.6	-100000	-100000.000	-1.0
20250924 05:15	14.0	14.0	14.0	61	6.5	15	31	169	0.0	733.8	-100000	-100000.000	-1.0
20250924 05:20	14.0	14.0	14.0	60	6.4	16	28	167	0.0	733.7	-100000	-100000.000	-1.0
20250924 05:25	14.0	14.0	14.0	61	6.5	14	27	171	0.0	733.8	-100000	-100000.000	-1.0
20250924 05:30	14.0	14.0	14.0	61	6.6	16	26	163	0.0	733.8	-100000	-100000.000	-1.0
20250924 05:35	14.0	14.0	14.0	60	6.4	16	29	167	0.0	733.8	-100000	-100000.000	-1.0
20250924 05:40	13.9	13.9	13.9	60	6.2	17	31	162	0.0	733.7	-100000	-100000.000	-1.0
20250924 05:45	13.8	13.8	13.8	59	5.9	17	28	162	0.0	733.6	-100000	-100000.000	-1.0
20250924 05:50	13.8	13.8	13.8	60	6.1	17	28	162	0.0	733.5	-100000	-100000.000	-1.0
20250924 05:55	13.6	13.6	13.6	62	6.4	17	28	165	0.0	733.6	-100000	-100000.000	-1.0
20250924 06:00	13.6	13.6	13.6	61	6.3	18	30	169	0.0	733.5	-100000	-100000.000	-1.0
20250924 06:05	13.5	13.5	13.5	61	6.1	18	31	167	0.0	733.5	-100000	-100000.000	-1.0
20250924 06:10	13.5	13.5	13.5	60	6.0	18	31	169	0.0	733.5	-100000	-100000.000	-1.0
20250924 06:15	13.5	13.5	13.5	61	6.0	18	28	165	0.0	733.5	-100000	-100000.000	-1.0
20250924 06:20	13.5	13.5	13.5	62	6.3	19	31	163	0.0	733.5	-100000	-100000.000	-1.0
20250924 06:25	13.5	13.5	13.5	60	5.9	19	29	162	0.0	733.5	-100000	-100000.000	-1.0
20250924 06:30	13.7	13.7	13.7	60	5.9	17	28	163	0.0	733.5	-100000	-100000.000	-1.0
20250924 06:35	13.7	13.7	13.7	59	5.9	17	32	163	0.0	733.6	-100000	-100000.000	-1.0
20250924 06:40	13.8	13.8	13.8	59	5.9	18	28	162	0.0	733.5	-100000	-100000.000	-1.0
20250924 06:45	13.7	13.7	13.7	59	5.9	16	28	162	0.0	733.5	-100000	-100000.000	-1.0
20250924 06:50	13.6	13.6	13.6	59	5.8	18	30	162	0.0	733.5	-100000	-100000.000	-1.0
20250924 06:55	13.5	13.5	13.5	59	5.7	17	27	165	0.0	733.5	-100000	-100000.000	-1.0
20250924 07:00	13.5	13.5	13.5	59	5.7	19	30	165	0.0	733.5	-100000	-100000.000	-1.0
20250924 07:05	13.5	13.5	13.5	60	5.9	18	30	163	0.0	733.5	-100000	-100000.000	-1.0
20250924 07:10	13.5	13.5	13.5	61	6.2	19	33	163	0.0	733.5	-100000	-100000.000	-1.0
20250924 07:15	13.5	13.5	13.5	62	6.4	18	28	163	0.0	733.5	-100000	-100000.000	-1.0
20250924 07:20	13.5	13.5	13.5	63	6.5	18	37	169	0.0	733.5	-100000	-100000.000	-1.0
20250924 07:25	13.5	13.5	13.5	63	6.5	19	32	163	0.0	733.5	-100000	-100000.000	-1.0
20250924 07:30	13.5	13.5	13.5	62	6.4	19	31	176	0.0	733.5	-100000	-100000.000	-1.0
20250924 07:35	13.6	13.6	13.6	62	6.5	20	32	165	0.0	733.5	-100000	-100000.000	-1.0
20250924 07:40	13.6	13.6	13.6	62	6.5	19	32	167	0.0	733.5	-100000	-100000.000	-1.0
20250924 07:45	13.6	13.6	13.6	63	6.6	20	33	167	0.0	733.5	-100000	-100000.000	-1.0
20250924 07:50	13.6	13.6	13.6	63	6.6	19	31	165	0.0	733.5	-100000	-100000.000	-1.0
20250924 07:55	13.5	13.5	13.5	63	6.6	20	35	165	0.0	733.5	-100000	-100000.000	-1.0
20250924 08:00	13.6	13.6	13.6	63	6.6	19	31	176	0.0	733.5	-100000	-100000.000	-1.0
20250924 08:05	13.5	13.5	13.5	63	6.6	19	33	176	0.0	733.5	-100000	-100000.000	-1.0
20250924 08:10	13.5	13.5	13.5	63	6.6	23	40	165	0.0	733.5	-100000	-100000.000	-1.0
20250924 08:15	13.5	13.5	13.5	63	6.6	20	33	171	0.0	733.5	-100000	-100000.000	-1.0
20250924 08:20	13.5	13.5	13.5	63	6.5	19	33	169	0.0	733.5	-100000	-100000.000	-1.0
20250924 08:25	13.4	13.4	13.4	64	6.7	19	30	171	0.0	733.5	-100000	-100000.000	-1.0
20250924 08:30	13.4	13.4	13.4	64	6.6	21	36	165	0.0	733.5	-100000	-100000.000	-1.0
20250924 08:35	13.4	13.4	13.4	64	6.7	20	34	167	0.0	733.5	-100000	-100000.000	-1.0
20250924 08:40	13.3	13.3	13.3	65	6.9	21	35	172	0.0	733.5	-100000	-100000.000	-1.0
20250924 08:45	13.3	13.3	13.3	65	7.0	22	41	169	0.0	733.5	-100000	-100000.000	-1.0
20250924 08:50	13.3	13.3	13.3	66	7.0	23	41	174	0.0	733.5	-100000	-100000.000	-1.0
20250924 08:55	13.3	13.3	13.3	66	7.1	21	37	172	0.0	733.5	-100000	-100000.000	-1.0
20250924 09:00	13.3	13.3	13.3	66	7.0	21	37	172	0.0	733.5	-100000	-100000.000	-1.0
20250924 09:05	13.3	13.3	13.3	65	6.8	21	41	174	0.0	733.5	-100000	-100000.000	-1.0
20250924 09:10	13.4	13.4	13.4	65	6.9	22	35	176	0.0	733.5	-100000	-100000.000	-1.0
20250924 09:15	13.3	13.3	13.3	65	6.9	20	36	176	0.0	733.5	-100000	-100000.000	-1.0
20250924 09:20	13.4	13.4	13.4	64	6.7	21	35	176	0.0	733.5	-100000	-100000.000	-1.0
20250924 09:25	13.3	13.3	13.3	64	6.7	20	43	176	0.0	733.5	-100000	-100000.000	-1.0
20250924 09:30	13.3	13.3	13.3	64	6.6	21	43	171	0.0	733.4	-100000	-100000.000	-1.0
20250924 09:35	13.2	13.2	13.2	64	6.6	22	47	169	0.0	733.4	-100000	-100000.000	-1.0
20250924 09:40	13.2	13.2	13.2	64	6.6	21	33	172	0.0	733.4	-100000	-100000.000	-1.0
20250924 09:45	13.2	13.2	13.2	64	6.5	21	34	174	0.0	733.2	-100000	-100000.000	-1.0
20250924 09:50	13.2	13.2	13.2	64	6.5	22	37	167	0.0	733.2	-100000	-100000.000	-1.0
20250924 09:55	13.1	13.1	13.1	64	6.5	20	34	180	0.0	733.2	-100000	-100000.000	-1.0
20250924 10:00	13.2	13.2	13.2	64	6.4	21	36	169	0.0	733.2	-100000	-100000.000	-1.0
20250924 10:05	13.3	13.3	13.3	63	6.4	20	37	169	0.0	733.2	-100000	-100000.000	-1.0
20250924 10:10	13.2	13.2	13.2	63	6.3	22	41	169	0.0	733.2	-100000	-100000.000	-1.0
20250924 10:15	13.3	13.3	13.3	62	6.2	22	41	171	0.0	733.2	-100000	-100000.000	-1.0
20250924 10:20	13.3	13.3	13.3	62	6.1	22	36	172	0.0	733.2	-100000	-100000.000	-1.0
20250924 10:25	13.2	13.2	13.2	62	6.1	20	33	176	0.0	733.2	-100000	-100000.000	-1.0
20250924 10:30	13.2	13.2	13.2	62	6.0	22	33	178	0.0	733.2	-100000	-100000.000	-1.0
20250924 10:35	13.2	13.2	13.2	62	6.0	20	35	180	0.0	733.2	-100000	-100000.000	-1.0
20250924 10:40	13.1	13.1	13.1	62	6.0	20	40	174	0.0	733.3	-100000	-100000.000	-1.0
20250924 10:45	13.1	13.1	13.1	62	5.9	20	38	178	0.0	733.5	-100000	-100000.000	-1.0
20250924 10:50	13.0	13.0	13.0	62	5.9	21	37	174	0.0	733.3	-100000	-100000.000	-1.0
20250924 10:55	13.0	13.0	13.0	62	5.9	21	42	174	0.0	733.4	-100000	-100000.000	-1.0
20250924 11:00	13.0	13.0	13.0	62	5.9	20	40	163	0.0	733.4	-100000	-100000.000	-1.0
20250924 11:05	13.0	13.0	13.0	62	5.9	20	36	165	0.0	733.4	-100000	-100000.000	-1.0
20250924 11:10	13.0	13.0	13.0	62	5.9	21	37	165	0.0	733.4	-100000	-100000.000	-1.0
20250924 11:15	13.0	13.0	13.0	62	5.9	20	33	165	0.0	733.4	-100000	-100000.000	-1.0
20250924 11:20	13.0	13.0	13.0	62	5.9	20	33	162	0.0	733.5	-100000	-100000.000	-1.0
20250924 11:25	12.9	12.9	12.9	62	5.8	20	35	169	0.0	733.5	-100000	-100000.000	-1.0
20250924 11:30	12.9	12.9	12.9	62	5.8	21	35	169	0.0	733.5	-100000	-100000.000	-1.0
20250924 11:35	12.9	12.9	12.9	62	5.8	20	37	171	0.0	733.5	-100000	-100000.000	-1.0
20250924 11:40	12.8	12.8	12.8	62	5.8	21	36	169	0.0	733.5	-100000	-100000.000	-1.0
20250924 11:45	12.8	12.8	12.8	62	5.8	20	34	176	0.0	733.5	-100000	-100000.000	-1.0
20250924 11:50	12.8	12.8	12.8	63	5.9	20	31	176	0.0	733.5	-100000	-100000.000	-1.0
20250924 11:55	12.7	12.7	12.7	63	5.8	20	31	171	0.0	733.5	-100000	-100000.000	-1.0
20250924 12:00	12.7	12.7	12.7	63	5.8	20	31	169	0.0	733.5	-100000	-100000.000	-1.0
20250924 12:05	12.7	12.7	12.7	63	5.8	20	32	176	0.0	733.5	-100000	-100000.000	-1.0
20250924 12:10	12.7	12.7	12.7	63	5.8	22	36	165	0.0	733.5	-100000	-100000.000	-1.0
20250924 12:15	12.6	12.6	12.6	64	5.9	19	36	176	0.0	733.5	-100000	-100000.000	-1.0
20250924 12:20	12.6	12.6	12.6	64	5.9	19	29	171	0.0	733.5	-100000	-100000.000	-1.0
20250924 12:25	12.6	12.6	12.6	64	5.9	21	33	172	0.0	733.5	-100000	-100000.000	-1.0
20250924 12:30	12.6	12.6	12.6	64	6.0	21	35	163	0.0	733.6	-100000	-100000.000	-1.0
20250924 12:35	12.6	12.6	12.6	65	6.1	19	32	176	0.0	733.6	-100000	-100000.000	-1.0
20250924 12:40	12.5	12.5	12.5	65	6.1	21	37	167	0.0	733.8	-100000	-100000.000	-1.0
20250924 12:45	12.5	12.5	12.5	65	6.1	20	31	169	0.0	733.7	-100000	-100000.000	-1.0
20250924 12:50	12.5	12.5	12.5	65	6.1	20	35	169	0.0	733.8	-100000	-100000.000	-1.0
20250924 12:55	12.5	12.5	12.5	65	6.1	21	34	171	0.0	733.8	-100000	-100000.000	-1.0
20250924 13:00	12.5	12.5	12.5	65	6.1	20	33	180	0.0	733.8	-100000	-100000.000	-1.0
20250924 13:05	12.5	12.5	12.5	65	6.1	20	33	171	0.0	733.8	-100000	-100000.000	-1.0
20250924 13:10	12.5	12.5	12.5	65	6.1	21	37	178	0.0	733.8	-100000	-100000.000	-1.0
20250924 13:15	12.6	12.6	12.6	65	6.2	21	32	178	0.0	733.8	-100000	-100000.000	-1.0
20250924 13:20	12.5	12.5	12.5	65	6.1	21	32	180	0.0	733.8	-100000	-100000.000	-1.0
20250924 13:25	12.6	12.6	12.6	65	6.2	21	35	180	0.0	733.8	-100000	-100000.000	-1.0
20250924 13:30	12.6	12.6	12.6	65	6.2	22	34	180	0.0	733.8	-100000	-100000.000	-1.0
20250924 13:35	12.6	12.6	12.6	65	6.2	23	40	171	0.0	733.8	-100000	-100000.000	-1.0
20250924 13:40	12.6	12.6	12.6	65	6.2	21	37	180	0.0	733.8	-100000	-100000.000	-1.0
20250924 13:45	12.6	12.6	12.6	65	6.2	22	35	176	0.0	733.8	-100000	-100000.000	-1.0
20250924 13:50	12.6	12.6	12.6	65	6.2	21	36	176	0.0	733.8	-100000	-100000.000	-1.0
20250924 13:55	12.6	12.6	12.6	65	6.2	23	35	172	0.0	733.9	-100000	-100000.000	-1.0
20250924 14:00	12.6	12.6	12.6	65	6.2	24	40	172	0.0	733.9	-100000	-100000.000	-1.0
20250924 14:05	12.7	12.7	12.7	65	6.3	23	34	172	0.0	733.8	-100000	-100000.000	-1.0
20250924 14:10	12.6	12.6	12.6	65	6.3	22	35	176	0.0	734.0	-100000	-100000.000	-1.0
20250924 14:15	12.6	12.6	12.6	66	6.4	24	37	174	0.0	734.0	-100000	-100000.000	-1.0
20250924 14:20	12.7	12.7	12.7	65	6.3	22	36	172	0.0	734.2	-100000	-100000.000	-1.0
20250924 14:25	12.7	12.7	12.7	65	6.3	21	34	169	0.0	734.2	-100000	-100000.000	-1.0
20250924 14:30	12.7	12.7	12.7	66	6.5	21	32	176	0.0	734.2	-100000	-100000.000	-1.0
20250924 14:35	12.8	12.8	12.8	65	6.5	21	37	172	0.0	734.2	-100000	-100000.000	-1.0
20250924 14:40	12.9	12.9	12.9	65	6.4	22	37	174	0.0	734.2	-100000	-100000.000	-1.0
20250924 14:45	13.0	13.0	13.0	65	6.5	23	34	165	0.0	734.2	-100000	-100000.000	-1.0
20250924 14:50	13.1	13.1	13.1	65	6.6	20	34	176	0.0	734.2	-100000	-100000.000	-1.0
20250924 14:55	13.1	13.1	13.1	64	6.5	22	34	172	0.0	734.2	-100000	-100000.000	-1.0
20250924 15:00	13.3	13.3	13.3	64	6.6	20	34	176	0.0	734.2	-100000	-100000.000	-1.0
20250924 15:05	13.4	13.4	13.4	64	6.7	21	34	171	0.0	734.2	-100000	-100000.000	-1.0
20250924 15:10	13.5	13.5	13.5	64	6.8	20	33	171	0.0	734.2	-100000	-100000.000	-1.0
20250924 15:15	13.5	13.5	13.5	63	6.7	21	32	165	0.0	734.3	-100000	-100000.000	-1.0
20250924 15:20	13.6	13.6	13.6	64	6.8	18	30	165	0.0	734.3	-100000	-100000.000	-1.0
20250924 15:25	13.7	13.7	13.7	64	6.9	19	30	172	0.0	734.4	-100000	-100000.000	-1.0
20250924 15:30	13.8	13.8	13.8	63	7.0	18	29	174	0.0	734.5	-100000	-100000.000	-1.0
20250924 15:35	13.9	13.9	13.9	63	7.0	17	30	174	0.0	734.5	-100000	-100000.000	-1.0
20250924 15:40	14.1	14.1	14.1	62	7.0	19	31	176	0.0	734.5	-100000	-100000.000	-1.0
20250924 15:45	14.2	14.2	14.2	62	6.9	18	28	172	0.0	734.6	-100000	-100000.000	-1.0
20250924 15:50	14.3	14.3	14.3	62	7.0	18	30	178	0.0	734.7	-100000	-100000.000	-1.0
20250924 15:55	14.4	14.4	14.4	61	7.0	18	32	171	0.0	734.8	-100000	-100000.000	-1.0
20250924 16:00	14.5	14.5	14.5	61	7.0	19	32	174	0.0	734.8	-100000	-100000.000	-1.0
20250924 16:05	14.5	14.5	14.5	61	7.1	20	31	169	0.0	734.8	-100000	-100000.000	-1.0
20250924 16:10	14.8	14.8	14.8	61	7.3	16	29	169	0.0	734.8	-100000	-100000.000	-1.0
20250924 16:15	15.1	15.1	15.1	59	7.1	19	31	178	0.0	734.8	-100000	-100000.000	-1.0
20250924 16:20	15.0	15.0	15.0	59	7.1	18	33	169	0.0	734.8	-100000	-100000.000	-1.0
20250924 16:25	15.1	15.1	15.1	59	7.2	19	32	167	0.0	735.0	-100000	-100000.000	-1.0
20250924 16:30	15.4	15.4	15.4	59	7.5	15	29	172	0.0	735.2	-100000	-100000.000	-1.0
20250924 16:35	15.6	15.6	15.6	57	7.2	18	29	171	0.0	735.2	-100000	-100000.000	-1.0
20250924 16:40	15.5	15.5	15.5	58	7.3	18	35	172	0.0	735.2	-100000	-100000.000	-1.0
20250924 16:45	15.6	15.6	15.6	57	7.1	18	35	169	0.0	735.1	-100000	-100000.000	-1.0
20250924 16:50	15.7	15.7	15.7	57	7.2	18	30	169	0.0	735.2	-100000	-100000.000	-1.0
20250924 16:55	15.8	15.8	15.8	57	7.4	14	30	174	0.0	735.2	-100000	-100000.000	-1.0
20250924 17:00	16.2	16.2	16.2	55	7.1	19	32	172	0.0	735.2	-100000	-100000.000	-1.0
20250924 17:05	16.0	16.0	16.0	55	7.0	16	30	181	0.0	735.2	-100000	-100000.000	-1.0
20250924 17:10	16.1	16.1	16.1	56	7.2	17	33	174	0.0	735.2	-100000	-100000.000	-1.0
20250924 17:15	16.3	16.3	16.3	55	7.3	16	25	176	0.0	735.2	-100000	-100000.000	-1.0
20250924 17:20	16.6	16.6	16.6	55	7.4	15	24	180	0.0	735.2	-100000	-100000.000	-1.0
20250924 17:25	16.6	16.6	16.6	55	7.4	15	26	183	0.0	735.2	-100000	-100000.000	-1.0
20250924 17:30	16.8	16.8	16.8	53	7.2	17	35	181	0.0	735.2	-100000	-100000.000	-1.0
20250924 17:35	16.7	16.7	16.7	54	7.3	16	27	178	0.0	735.2	-100000	-100000.000	-1.0
20250924 17:40	16.9	16.9	16.9	53	7.4	16	36	181	0.0	735.2	-100000	-100000.000	-1.0
20250924 17:45	16.6	16.6	16.6	54	7.2	18	36	171	0.0	735.3	-100000	-100000.000	-1.0
20250924 17:50	17.0	17.0	17.0	53	7.4	15	26	187	0.0	735.3	-100000	-100000.000	-1.0
20250924 17:55	17.0	17.0	17.0	53	7.3	15	26	178	0.0	735.3	-100000	-100000.000	-1.0
20250924 18:00	17.2	17.2	17.2	53	7.4	11	21	183	0.0	735.4	-100000	-100000.000	-1.0
20250924 18:05	17.4	17.4	17.4	52	7.4	16	27	176	0.0	735.2	-100000	-100000.000	-1.0
20250924 18:10	17.1	17.1	17.1	52	7.2	16	25	181	0.0	735.5	-100000	-100000.000	-1.0
20250924 18:15	17.1	17.1	17.1	53	7.4	18	28	181	0.0	735.5	-100000	-100000.000	-1.0
20250924 18:20	17.1	17.1	17.1	53	7.5	16	31	180	0.0	735.4	-100000	-100000.000	-1.0
20250924 18:25	17.1	17.1	17.1	54	7.6	16	32	181	0.0	735.5	-100000	-100000.000	-1.0
20250924 18:30	17.3	17.3	17.3	53	7.6	14	24	183	0.0	735.5	-100000	-100000.000	-1.0
20250924 18:35	17.3	17.3	17.3	53	7.6	17	33	180	0.0	735.5	-100000	-100000.000	-1.0
20250924 18:40	17.2	17.2	17.2	53	7.7	15	27	180	0.0	735.5	-100000	-100000.000	-1.0
20250924 18:45	17.9	17.9	17.9	52	8.0	12	21	181	0.0	735.5	-100000	-100000.000	-1.0
20250924 18:50	17.5	17.5	17.5	53	7.8	15	24	167	0.0	735.5	-100000	-100000.000	-1.0
20250924 18:55	17.4	17.4	17.4	54	8.0	15	25	176	0.0	735.5	-100000	-100000.000	-1.0
20250924 19:00	17.8	17.8	17.8	53	8.0	12	23	181	0.0	735.5	-100000	-100000.000	-1.0
20250924 19:05	17.5	17.5	17.5	53	7.9	13	30	180	0.0	735.5	-100000	-100000.000	-1.0
20250924 19:10	17.7	17.7	17.7	53	8.0	13	26	190	0.0	735.4	-100000	-100000.000	-1.0
20250924 19:15	17.5	17.5	17.5	55	8.3	12	21	183	0.0	735.4	-100000	-100000.000	-1.0
20250924 19:20	18.2	18.2	18.2	51	7.9	15	28	181	0.0	735.2	-100000	-100000.000	-1.0
20250924 19:25	17.8	17.8	17.8	52	7.8	15	25	185	0.0	735.3	-100000	-100000.000	-1.0
20250924 19:30	17.8	17.8	17.8	52	7.7	15	26	183	0.0	735.3	-100000	-100000.000	-1.0
20250924 19:35	17.6	17.6	17.6	53	7.8	13	22	185	0.0	735.2	-100000	-100000.000	-1.0
20250924 19:40	18.2	18.2	18.2	52	8.2	13	25	180	0.0	735.2	-100000	-100000.000	-1.0
20250924 19:45	18.4	18.4	18.4	52	8.4	14	25	171	0.0	735.2	-100000	-100000.000	-1.0
20250924 19:50	18.1	18.1	18.1	54	8.6	11	23	190	0.0	735.2	-100000	-100000.000	-1.0
20250924 19:55	18.4	18.4	18.4	53	8.5	13	27	176	0.0	735.2	-100000	-100000.000	-1.0
20250924 20:00	18.3	18.3	18.3	54	8.7	14	22	180	0.0	735.2	-100000	-100000.000	-1.0
20250924 20:05	18.1	18.1	18.1	54	8.6	16	33	183	0.0	735.2	-100000	-100000.000	-1.0
20250924 20:10	18.1	18.1	18.1	53	8.3	16	27	180	0.0	735.2	-100000	-100000.000	-1.0
20250924 20:15	17.9	17.9	17.9	53	8.3	13	24	189	0.0	735.2	-100000	-100000.000	-1.0
20250924 20:20	18.0	18.0	18.0	53	8.3	14	23	180	0.0	735.2	-100000	-100000.000	-1.0
20250924 20:25	18.4	18.4	18.4	54	8.9	12	22	183	0.0	735.2	-100000	-100000.000	-1.0
20250924 20:30	18.2	18.2	18.2	55	8.9	13	26	169	0.0	735.2	-100000	-100000.000	-1.0
20250924 20:35	18.3	18.3	18.3	54	8.8	13	26	183	0.0	735.2	-100000	-100000.000	-1.0
20250924 20:40	18.5	18.5	18.5	54	8.9	12	20	176	0.0	735.1	-100000	-100000.000	-1.0
20250924 20:45	18.8	18.8	18.8	54	9.3	10	18	178	0.0	735.1	-100000	-100000.000	-1.0
20250924 20:50	19.1	19.1	19.1	53	9.2	10	20	192	0.0	735.1	-100000	-100000.000	-1.0
20250924 20:55	18.9	18.9	18.9	53	9.1	9	20	192	0.0	735.0	-100000	-100000.000	-1.0
20250924 21:00	18.9	18.9	18.9	53	9.2	8	16	190	0.0	734.9	-100000	-100000.000	-1.0
20250924 21:05	19.0	19.0	19.0	52	9.0	15	25	185	0.0	734.9	-100000	-100000.000	-1.0
20250924 21:10	18.3	18.3	18.3	54	8.9	15	27	180	0.0	734.8	-100000	-100000.000	-1.0
20250924 21:15	18.1	18.1	18.1	54	8.7	15	29	185	0.0	734.8	-100000	-100000.000	-1.0
20250924 21:20	18.4	18.4	18.4	53	8.7	12	25	183	0.0	734.8	-100000	-100000.000	-1.0
20250924 21:25	18.8	18.8	18.8	53	9.0	11	24	180	0.0	734.8	-100000	-100000.000	-1.0
20250924 21:30	18.8	18.8	18.8	53	9.0	14	26	180	0.0	734.8	-100000	-100000.000	-1.0
20250924 21:35	18.3	18.3	18.3	54	8.9	14	26	181	0.0	734.8	-100000	-100000.000	-1.0
20250924 21:40	18.4	18.4	18.4	53	8.7	13	26	178	0.0	734.8	-100000	-100000.000	-1.0
20250924 21:45	18.5	18.5	18.5	54	8.9	11	23	189	0.0	734.8	-100000	-100000.000	-1.0
20250924 21:50	18.6	18.6	18.6	54	9.2	11	22	181	0.0	734.8	-100000	-100000.000	-1.0
20250924 21:55	18.7	18.7	18.7	52	8.7	14	24	192	0.0	734.8	-100000	-100000.000	-1.0
20250924 22:00	18.6	18.6	18.6	53	8.7	13	23	181	0.0	734.8	-100000	-100000.000	-1.0
20250924 22:05	18.5	18.5	18.5	54	9.1	9	20	185	0.0	734.8	-100000	-100000.000	-1.0
20250924 22:10	18.5	18.5	18.5	55	9.3	14	23	169	0.0	734.6	-100000	-100000.000	-1.0
20250924 22:15	18.3	18.3	18.3	55	9.1	10	19	176	0.0	734.7	-100000	-100000.000	-1.0
20250924 22:20	18.8	18.8	18.8	54	9.3	8	23	192	0.0	734.8	-100000	-100000.000	-1.0
20250924 22:55	18.2	18.2	18.2	55	9.0	9	19	192	0.0	734.8	-100000	-100000.000	-1.0
20250924 23:00	18.6	18.6	18.6	54	9.1	8	19	196	0.0	734.6	-100000	-100000.000	-1.0
20250924 23:05	18.3	18.3	18.3	55	9.2	10	22	194	0.0	734.6	-100000	-100000.000	-1.0
20250924 23:10	17.9	17.9	17.9	57	9.3	8	19	199	0.0	734.6	-100000	-100000.000	-1.0
20250924 23:15	18.1	18.1	18.1	57	9.4	10	22	183	0.0	734.8	-100000	-100000.000	-1.0
20250924 23:20	18.2	18.2	18.2	56	9.4	11	20	183	0.0	734.8	-100000	-100000.000	-1.0
20250924 23:25	18.0	18.0	18.0	56	9.2	10	21	189	0.0	734.8	-100000	-100000.000	-1.0
20250924 23:30	17.7	17.7	17.7	58	9.5	10	19	183	0.0	734.8	-100000	-100000.000	-1.0
20250924 23:35	17.8	17.8	17.8	59	9.5	7	16	199	0.0	734.8	-100000	-100000.000	-1.0
20250924 23:40	17.8	17.8	17.8	59	9.6	8	18	187	0.0	734.8	-100000	-100000.000	-1.0
20250924 23:45	17.7	17.7	17.7	59	9.5	8	19	176	0.0	734.8	-100000	-100000.000	-1.0
20250924 23:50	17.9	17.9	17.9	58	9.5	9	17	181	0.0	734.8	-100000	-100000.000	-1.0
20250924 23:55	17.7	17.7	17.7	57	8.9	10	20	181	0.0	734.8	-100000	-100000.000	-1.0
