--Timestamp---	Temp	Chill	HIndex	Humid	Dewpt	 Wind 	HiWind	WindDir	Rain 	Barom	Solar	 ET  	 UV 
--------------	----	-----	------	-----	-----	------	------	-------	-----	-----	-----	-----	----
20250725 00:00	18.4	18.4	18.4	28	-0.5	4	20	228	0.0	735.5	-100000	-100000.000	-1.0
20250725 00:05	18.7	18.7	18.7	27	-0.7	4	20	235	0.0	735.5	-100000	-100000.000	-1.0
20250725 00:10	18.2	18.2	18.2	27	-1.1	3	12	234	0.0	735.5	-100000	-100000.000	-1.0
20250725 00:15	18.2	18.2	18.2	27	-1.1	3	10	235	0.0	735.2	-100000	-100000.000	-1.0
20250725 00:20	18.0	18.0	18.0	27	-1.3	6	17	216	0.0	735.2	-100000	-100000.000	-1.0
20250725 00:25	17.4	17.4	17.4	28	-1.3	5	17	185	0.0	735.2	-100000	-100000.000	-1.0
20250725 00:30	17.1	17.1	17.1	28	-1.6	3	12	236	0.0	735.2	-100000	-100000.000	-1.0
20250725 00:35	17.4	17.4	17.4	27	-1.8	3	10	192	0.0	735.2	-100000	-100000.000	-1.0
20250725 00:40	17.3	17.3	17.3	27	-1.9	4	14	217	0.0	735.2	-100000	-100000.000	-1.0
20250725 00:45	17.1	17.1	17.1	28	-1.6	5	13	210	0.0	735.2	-100000	-100000.000	-1.0
20250725 00:50	16.8	16.8	16.8	28	-1.8	5	21	205	0.0	735.2	-100000	-100000.000	-1.0
20250725 00:55	16.6	16.6	16.6	28	-2.0	5	21	223	0.0	735.2	-100000	-100000.000	-1.0
20250725 01:00	16.3	16.3	16.3	27	-2.8	5	11	221	0.0	735.2	-100000	-100000.000	-1.0
20250725 01:05	16.6	16.6	16.6	27	-2.5	10	22	196	0.0	735.2	-100000	-100000.000	-1.0
20250725 01:10	16.0	16.0	16.0	28	-2.5	11	19	196	0.0	735.2	-100000	-100000.000	-1.0
20250725 01:15	15.6	15.6	15.6	27	-3.4	7	15	210	0.0	735.2	-100000	-100000.000	-1.0
20250725 01:20	15.8	15.8	15.8	27	-3.2	6	13	187	0.0	735.2	-100000	-100000.000	-1.0
20250725 01:25	15.9	15.9	15.9	26	-3.6	7	16	201	0.0	735.2	-100000	-100000.000	-1.0
20250725 01:30	15.8	15.8	15.8	26	-3.7	9	19	205	0.0	735.2	-100000	-100000.000	-1.0
20250725 01:35	15.4	15.4	15.4	26	-4.0	11	18	190	0.0	735.2	-100000	-100000.000	-1.0
20250725 01:40	15.1	15.1	15.1	26	-4.3	8	17	205	0.0	735.2	-100000	-100000.000	-1.0
20250725 01:45	15.1	15.1	15.1	25	-4.8	11	22	198	0.0	735.2	-100000	-100000.000	-1.0
20250725 01:50	15.0	15.0	15.0	25	-4.9	10	20	199	0.0	734.8	-100000	-100000.000	-1.0
20250725 01:55	14.9	14.9	14.9	25	-5.0	10	19	199	0.0	734.8	-100000	-100000.000	-1.0
20250725 02:00	14.6	14.6	14.6	24	-5.8	10	15	183	0.0	734.8	-100000	-100000.000	-1.0
20250725 02:05	14.5	14.5	14.5	24	-5.8	8	14	189	0.0	735.2	-100000	-100000.000	-1.0
20250725 02:10	14.5	14.5	14.5	23	-6.4	9	16	183	0.0	735.2	-100000	-100000.000	-1.0
20250725 02:15	14.4	14.4	14.4	22	-7.1	8	13	194	0.0	735.2	-100000	-100000.000	-1.0
20250725 02:20	14.2	14.2	14.2	24	-6.1	9	15	190	0.0	734.8	-100000	-100000.000	-1.0
20250725 02:25	14.1	14.1	14.1	24	-6.2	11	16	181	0.0	734.8	-100000	-100000.000	-1.0
20250725 02:30	13.9	13.9	13.9	24	-6.3	10	16	180	0.0	734.8	-100000	-100000.000	-1.0
20250725 02:35	13.9	13.9	13.9	24	-6.3	11	17	181	0.0	734.8	-100000	-100000.000	-1.0
20250725 02:40	13.8	13.8	13.8	23	-7.0	10	19	180	0.0	734.8	-100000	-100000.000	-1.0
20250725 02:45	13.7	13.7	13.7	23	-7.1	11	17	180	0.0	734.8	-100000	-100000.000	-1.0
20250725 02:50	13.5	13.5	13.5	23	-7.2	11	17	183	0.0	734.8	-100000	-100000.000	-1.0
20250725 02:55	13.4	13.4	13.4	24	-6.8	11	18	181	0.0	734.8	-100000	-100000.000	-1.0
20250725 03:00	13.3	13.3	13.3	24	-6.9	12	17	180	0.0	734.8	-100000	-100000.000	-1.0
20250725 03:05	13.2	13.2	13.2	24	-7.0	11	18	180	0.0	734.8	-100000	-100000.000	-1.0
20250725 03:10	13.1	13.1	13.1	24	-7.1	12	17	190	0.0	734.8	-100000	-100000.000	-1.0
20250725 03:15	13.0	13.0	13.0	25	-6.6	12	15	198	0.0	734.8	-100000	-100000.000	-1.0
20250725 03:20	12.9	12.9	12.9	25	-6.7	13	17	196	0.0	734.8	-100000	-100000.000	-1.0
20250725 03:25	13.0	13.0	13.0	25	-6.6	13	16	194	0.0	734.8	-100000	-100000.000	-1.0
20250725 03:30	12.8	12.8	12.8	25	-6.8	13	18	181	0.0	734.8	-100000	-100000.000	-1.0
20250725 03:35	12.6	12.6	12.6	26	-6.4	14	19	180	0.0	734.8	-100000	-100000.000	-1.0
20250725 03:40	12.6	12.6	12.6	27	-5.9	15	20	185	0.0	734.8	-100000	-100000.000	-1.0
20250725 03:45	12.6	12.6	12.6	27	-5.9	16	20	196	0.0	734.8	-100000	-100000.000	-1.0
20250725 03:50	12.6	12.6	12.6	27	-5.9	16	22	196	0.0	734.8	-100000	-100000.000	-1.0
20250725 03:55	12.5	12.5	12.5	27	-6.0	15	22	185	0.0	734.8	-100000	-100000.000	-1.0
20250725 04:00	12.4	12.4	12.4	26	-6.6	15	22	180	0.0	734.8	-100000	-100000.000	-1.0
20250725 04:05	12.3	12.3	12.3	27	-6.2	14	18	180	0.0	734.8	-100000	-100000.000	-1.0
20250725 04:10	12.2	12.2	12.2	27	-6.3	15	19	180	0.0	734.8	-100000	-100000.000	-1.0
20250725 04:15	12.1	12.1	12.1	27	-6.4	15	23	180	0.0	734.8	-100000	-100000.000	-1.0
20250725 04:20	12.2	12.2	12.2	28	-5.8	16	24	189	0.0	734.8	-100000	-100000.000	-1.0
20250725 04:25	12.3	12.3	12.3	28	-5.7	16	23	187	0.0	734.8	-100000	-100000.000	-1.0
20250725 04:30	12.2	12.2	12.2	28	-5.8	16	22	190	0.0	734.8	-100000	-100000.000	-1.0
20250725 04:35	12.1	12.1	12.1	28	-5.9	16	25	185	0.0	734.8	-100000	-100000.000	-1.0
20250725 04:40	12.0	12.0	12.0	29	-5.5	16	21	189	0.0	734.8	-100000	-100000.000	-1.0
20250725 04:45	11.9	11.9	11.9	29	-5.6	15	22	183	0.0	734.8	-100000	-100000.000	-1.0
20250725 04:50	11.8	11.8	11.8	30	-5.2	16	22	185	0.0	734.8	-100000	-100000.000	-1.0
20250725 04:55	11.7	11.7	11.7	30	-5.3	16	22	190	0.0	734.8	-100000	-100000.000	-1.0
20250725 05:00	11.7	11.7	11.7	30	-5.3	16	22	192	0.0	734.8	-100000	-100000.000	-1.0
20250725 05:05	11.6	11.6	11.6	30	-5.4	16	26	198	0.0	734.8	-100000	-100000.000	-1.0
20250725 05:10	11.5	11.5	11.5	31	-5.0	16	24	196	0.0	734.8	-100000	-100000.000	-1.0
20250725 05:15	11.5	11.5	11.5	31	-5.0	16	23	198	0.0	734.8	-100000	-100000.000	-1.0
20250725 05:20	11.5	11.5	11.5	31	-5.0	16	24	198	0.0	734.8	-100000	-100000.000	-1.0
20250725 05:25	11.4	11.4	11.4	31	-5.1	17	24	198	0.0	734.8	-100000	-100000.000	-1.0
20250725 05:30	11.4	11.4	11.4	32	-4.7	17	25	198	0.0	734.8	-100000	-100000.000	-1.0
20250725 05:35	11.4	11.4	11.4	32	-4.7	17	26	198	0.0	734.5	-100000	-100000.000	-1.0
20250725 05:40	11.4	11.4	11.4	32	-4.7	17	30	198	0.0	734.5	-100000	-100000.000	-1.0
20250725 05:45	11.3	11.3	11.3	32	-4.8	17	25	198	0.0	734.5	-100000	-100000.000	-1.0
20250725 05:50	11.3	11.3	11.3	32	-4.8	17	27	198	0.0	734.5	-100000	-100000.000	-1.0
20250725 05:55	11.3	11.3	11.3	32	-4.8	18	27	198	0.0	734.5	-100000	-100000.000	-1.0
20250725 06:00	11.3	11.3	11.3	32	-4.8	18	25	198	0.0	734.5	-100000	-100000.000	-1.0
20250725 06:05	11.1	11.1	11.1	32	-5.0	19	28	198	0.0	734.5	-100000	-100000.000	-1.0
20250725 06:10	11.0	11.0	11.0	32	-5.1	21	29	198	0.0	734.5	-100000	-100000.000	-1.0
20250725 06:15	11.1	11.1	11.1	32	-5.0	22	29	198	0.0	734.5	-100000	-100000.000	-1.0
20250725 06:20	11.2	11.2	11.2	31	-5.3	24	29	198	0.0	734.5	-100000	-100000.000	-1.0
20250725 06:25	11.4	11.4	11.4	31	-5.1	23	30	198	0.0	734.5	-100000	-100000.000	-1.0
20250725 06:30	11.4	11.4	11.4	30	-5.6	23	31	198	0.0	734.5	-100000	-100000.000	-1.0
20250725 06:35	11.4	11.4	11.4	30	-5.6	22	27	198	0.0	734.5	-100000	-100000.000	-1.0
20250725 06:40	11.2	11.2	11.2	31	-5.3	22	29	198	0.0	734.2	-100000	-100000.000	-1.0
20250725 06:45	11.3	11.3	11.3	30	-5.7	22	27	198	0.0	734.5	-100000	-100000.000	-1.0
20250725 06:50	11.3	11.3	11.3	30	-5.7	22	28	198	0.0	734.5	-100000	-100000.000	-1.0
20250725 06:55	11.3	11.3	11.3	30	-5.7	22	27	198	0.0	734.5	-100000	-100000.000	-1.0
20250725 07:00	11.4	11.4	11.4	30	-5.6	23	28	198	0.0	734.5	-100000	-100000.000	-1.0
20250725 07:05	11.4	11.4	11.4	30	-5.6	22	28	198	0.0	734.2	-100000	-100000.000	-1.0
20250725 07:10	11.4	11.4	11.4	29	-6.0	22	27	198	0.0	734.2	-100000	-100000.000	-1.0
20250725 07:15	11.5	11.5	11.5	29	-5.9	21	25	192	0.0	734.2	-100000	-100000.000	-1.0
20250725 07:20	11.5	11.5	11.5	29	-5.9	21	26	192	0.0	734.2	-100000	-100000.000	-1.0
20250725 07:25	11.5	11.5	11.5	29	-5.9	21	27	185	0.0	734.2	-100000	-100000.000	-1.0
20250725 07:30	11.5	11.5	11.5	29	-5.9	22	28	196	0.0	734.2	-100000	-100000.000	-1.0
20250725 07:35	11.6	11.6	11.6	29	-5.9	22	29	194	0.0	734.2	-100000	-100000.000	-1.0
20250725 07:40	11.6	11.6	11.6	29	-5.9	22	30	192	0.0	734.2	-100000	-100000.000	-1.0
20250725 07:45	11.7	11.7	11.7	29	-5.8	22	27	190	0.0	734.2	-100000	-100000.000	-1.0
20250725 07:50	11.7	11.7	11.7	29	-5.8	22	31	185	0.0	734.2	-100000	-100000.000	-1.0
20250725 07:55	11.7	11.7	11.7	29	-5.8	22	28	194	0.0	734.2	-100000	-100000.000	-1.0
20250725 08:00	11.8	11.8	11.8	29	-5.7	22	27	198	0.0	734.2	-100000	-100000.000	-1.0
20250725 08:05	11.9	11.9	11.9	29	-5.6	22	29	192	0.0	734.2	-100000	-100000.000	-1.0
20250725 08:10	11.9	11.9	11.9	29	-5.6	23	28	198	0.0	734.2	-100000	-100000.000	-1.0
20250725 08:15	11.9	11.9	11.9	29	-5.6	22	29	185	0.0	734.2	-100000	-100000.000	-1.0
20250725 08:20	11.9	11.9	11.9	29	-5.6	21	30	181	0.0	734.2	-100000	-100000.000	-1.0
20250725 08:25	12.0	12.0	12.0	29	-5.5	22	29	183	0.0	734.2	-100000	-100000.000	-1.0
20250725 08:30	12.0	12.0	12.0	29	-5.5	22	34	180	0.0	733.8	-100000	-100000.000	-1.0
20250725 08:35	12.2	12.2	12.2	28	-5.8	22	31	183	0.0	733.8	-100000	-100000.000	-1.0
20250725 08:40	12.1	12.1	12.1	29	-5.4	22	27	189	0.0	733.8	-100000	-100000.000	-1.0
20250725 08:45	12.1	12.1	12.1	29	-5.4	21	29	181	0.0	733.8	-100000	-100000.000	-1.0
20250725 08:50	12.1	12.1	12.1	29	-5.4	22	28	181	0.0	733.8	-100000	-100000.000	-1.0
20250725 08:55	12.1	12.1	12.1	28	-5.9	22	28	180	0.0	733.8	-100000	-100000.000	-1.0
20250725 09:00	12.3	12.3	12.3	25	-7.2	22	29	192	0.0	733.8	-100000	-100000.000	-1.0
20250725 09:05	12.4	12.4	12.4	24	-7.6	21	28	192	0.0	733.8	-100000	-100000.000	-1.0
20250725 09:10	12.5	12.5	12.5	24	-7.5	20	26	196	0.0	733.8	-100000	-100000.000	-1.0
20250725 09:15	12.5	12.5	12.5	22	-8.6	21	27	198	0.0	733.5	-100000	-100000.000	-1.0
20250725 09:20	12.7	12.7	12.7	23	-7.9	21	29	198	0.0	733.5	-100000	-100000.000	-1.0
20250725 09:25	12.7	12.7	12.7	23	-7.9	20	25	194	0.0	733.5	-100000	-100000.000	-1.0
20250725 09:30	12.5	12.5	12.5	22	-8.6	20	28	198	0.0	733.5	-100000	-100000.000	-1.0
20250725 09:35	12.5	12.5	12.5	23	-8.1	18	28	198	0.0	733.8	-100000	-100000.000	-1.0
20250725 09:40	12.7	12.7	12.7	22	-8.5	17	26	198	0.0	733.8	-100000	-100000.000	-1.0
20250725 09:45	12.6	12.6	12.6	22	-8.6	17	24	198	0.0	733.8	-100000	-100000.000	-1.0
20250725 09:50	12.5	12.5	12.5	22	-8.6	18	27	198	0.0	733.5	-100000	-100000.000	-1.0
20250725 09:55	12.3	12.3	12.3	23	-8.3	19	27	198	0.0	733.5	-100000	-100000.000	-1.0
20250725 10:00	12.4	12.4	12.4	22	-8.7	19	26	198	0.0	733.5	-100000	-100000.000	-1.0
20250725 10:05	12.3	12.3	12.3	21	-9.4	19	26	196	0.0	733.5	-100000	-100000.000	-1.0
20250725 10:10	12.4	12.4	12.4	21	-9.3	19	28	198	0.0	733.5	-100000	-100000.000	-1.0
20250725 10:15	12.4	12.4	12.4	20	-9.9	19	25	198	0.0	733.5	-100000	-100000.000	-1.0
20250725 10:20	12.5	12.5	12.5	20	-9.9	19	27	198	0.0	733.5	-100000	-100000.000	-1.0
20250725 10:25	12.4	12.4	12.4	20	-9.9	19	27	198	0.0	733.5	-100000	-100000.000	-1.0
20250725 10:30	12.4	12.4	12.4	20	-9.9	19	25	192	0.0	733.5	-100000	-100000.000	-1.0
20250725 10:35	12.3	12.3	12.3	20	-10.0	19	27	194	0.0	733.5	-100000	-100000.000	-1.0
20250725 10:40	12.2	12.2	12.2	18	-11.4	18	27	198	0.0	733.5	-100000	-100000.000	-1.0
20250725 10:45	12.3	12.3	12.3	18	-11.4	19	26	198	0.0	733.5	-100000	-100000.000	-1.0
20250725 10:50	12.3	12.3	12.3	18	-11.4	18	23	198	0.0	733.5	-100000	-100000.000	-1.0
20250725 10:55	12.2	12.2	12.2	18	-11.4	19	24	194	0.0	733.5	-100000	-100000.000	-1.0
20250725 11:00	12.2	12.2	12.2	18	-11.4	19	25	198	0.0	733.2	-100000	-100000.000	-1.0
20250725 11:05	12.2	12.2	12.2	17	-12.2	18	26	198	0.0	733.2	-100000	-100000.000	-1.0
20250725 11:10	12.2	12.2	12.2	17	-12.2	18	25	198	0.0	733.2	-100000	-100000.000	-1.0
20250725 11:15	12.2	12.2	12.2	16	-12.9	18	26	198	0.0	733.2	-100000	-100000.000	-1.0
20250725 11:20	12.4	12.4	12.4	16	-12.7	18	28	198	0.0	733.2	-100000	-100000.000	-1.0
20250725 11:25	12.3	12.3	12.3	16	-12.8	18	25	198	0.0	733.2	-100000	-100000.000	-1.0
20250725 11:30	12.3	12.3	12.3	15	-13.6	17	25	198	0.0	733.2	-100000	-100000.000	-1.0
20250725 11:35	12.4	12.4	12.4	15	-13.5	16	27	198	0.0	733.2	-100000	-100000.000	-1.0
20250725 11:40	12.5	12.5	12.5	15	-13.4	16	28	198	0.0	733.2	-100000	-100000.000	-1.0
20250725 11:45	12.5	12.5	12.5	15	-13.4	16	27	198	0.0	733.2	-100000	-100000.000	-1.0
20250725 11:50	12.6	12.6	12.6	15	-13.4	16	29	198	0.0	733.2	-100000	-100000.000	-1.0
20250725 11:55	12.6	12.6	12.6	15	-13.4	15	23	198	0.0	733.2	-100000	-100000.000	-1.0
20250725 12:00	12.6	12.6	12.6	15	-13.4	14	25	198	0.0	733.2	-100000	-100000.000	-1.0
20250725 12:05	12.6	12.6	12.6	15	-13.4	13	23	198	0.0	733.5	-100000	-100000.000	-1.0
20250725 12:10	12.6	12.6	12.6	15	-13.4	13	23	198	0.0	733.5	-100000	-100000.000	-1.0
20250725 12:15	12.6	12.6	12.6	15	-13.4	12	19	198	0.0	733.5	-100000	-100000.000	-1.0
20250725 12:20	12.6	12.6	12.6	15	-13.4	12	19	198	0.0	733.5	-100000	-100000.000	-1.0
20250725 12:25	12.5	12.5	12.5	15	-13.4	12	19	198	0.0	733.5	-100000	-100000.000	-1.0
20250725 12:30	12.5	12.5	12.5	15	-13.4	12	21	198	0.0	733.5	-100000	-100000.000	-1.0
20250725 12:35	12.5	12.5	12.5	15	-13.4	12	21	198	0.0	733.5	-100000	-100000.000	-1.0
20250725 12:40	12.4	12.4	12.4	15	-13.5	11	18	198	0.0	733.5	-100000	-100000.000	-1.0
20250725 12:45	12.4	12.4	12.4	15	-13.5	11	18	198	0.0	733.5	-100000	-100000.000	-1.0
20250725 12:50	12.4	12.4	12.4	15	-13.5	11	18	198	0.0	733.5	-100000	-100000.000	-1.0
20250725 12:55	12.6	12.6	12.6	15	-13.4	11	17	198	0.0	733.5	-100000	-100000.000	-1.0
20250725 13:00	12.6	12.6	12.6	15	-13.4	12	20	198	0.0	733.5	-100000	-100000.000	-1.0
20250725 13:05	12.6	12.6	12.6	15	-13.4	12	20	198	0.0	733.5	-100000	-100000.000	-1.0
20250725 13:10	12.5	12.5	12.5	15	-13.4	13	20	198	0.0	733.5	-100000	-100000.000	-1.0
20250725 13:15	12.4	12.4	12.4	15	-13.5	13	21	198	0.0	733.5	-100000	-100000.000	-1.0
20250725 13:20	12.4	12.4	12.4	15	-13.5	12	21	198	0.0	733.5	-100000	-100000.000	-1.0
20250725 13:25	12.6	12.6	12.6	15	-13.4	13	20	198	0.0	733.5	-100000	-100000.000	-1.0
20250725 13:30	12.6	12.6	12.6	15	-13.4	12	20	201	0.0	733.8	-100000	-100000.000	-1.0
20250725 13:35	12.7	12.7	12.7	15	-13.3	13	21	198	0.0	733.8	-100000	-100000.000	-1.0
20250725 13:40	12.7	12.7	12.7	15	-13.3	12	21	198	0.0	733.8	-100000	-100000.000	-1.0
20250725 13:45	12.7	12.7	12.7	15	-13.3	12	20	198	0.0	733.8	-100000	-100000.000	-1.0
20250725 13:50	12.7	12.7	12.7	15	-13.3	13	20	198	0.0	733.8	-100000	-100000.000	-1.0
20250725 13:55	12.7	12.7	12.7	15	-13.3	12	20	198	0.0	733.8	-100000	-100000.000	-1.0
20250725 14:00	12.8	12.8	12.8	15	-13.2	12	21	198	0.0	733.8	-100000	-100000.000	-1.0
20250725 14:05	13.0	13.0	13.0	15	-13.0	12	20	198	0.0	733.8	-100000	-100000.000	-1.0
20250725 14:10	13.2	13.2	13.2	15	-12.9	12	20	198	0.0	733.8	-100000	-100000.000	-1.0
20250725 14:15	13.4	13.4	13.4	15	-12.7	11	19	198	0.0	733.8	-100000	-100000.000	-1.0
20250725 14:20	13.6	13.6	13.6	15	-12.6	11	19	198	0.0	734.2	-100000	-100000.000	-1.0
20250725 14:25	13.8	13.8	13.8	15	-12.4	10	20	203	0.0	734.2	-100000	-100000.000	-1.0
20250725 14:30	14.0	14.0	14.0	15	-12.2	10	18	201	0.0	734.2	-100000	-100000.000	-1.0
20250725 14:35	14.1	14.1	14.1	15	-12.2	10	18	199	0.0	734.2	-100000	-100000.000	-1.0
20250725 14:40	14.3	14.3	14.3	15	-12.0	9	17	201	0.0	734.2	-100000	-100000.000	-1.0
20250725 14:45	14.4	14.4	14.4	16	-11.1	10	21	201	0.0	734.2	-100000	-100000.000	-1.0
20250725 14:50	14.2	14.2	14.2	15	-12.1	9	19	199	0.0	734.2	-100000	-100000.000	-1.0
20250725 14:55	14.0	14.0	14.0	16	-11.4	9	17	201	0.0	734.2	-100000	-100000.000	-1.0
20250725 15:00	13.9	13.9	13.9	16	-11.5	9	18	203	0.0	734.2	-100000	-100000.000	-1.0
20250725 15:05	13.7	13.7	13.7	15	-12.5	9	15	198	0.0	734.2	-100000	-100000.000	-1.0
20250725 15:10	13.5	13.5	13.5	16	-11.8	8	16	198	0.0	734.2	-100000	-100000.000	-1.0
20250725 15:15	13.6	13.6	13.6	15	-12.6	10	18	198	0.0	734.2	-100000	-100000.000	-1.0
20250725 15:20	13.8	13.8	13.8	15	-12.4	9	19	199	0.0	734.5	-100000	-100000.000	-1.0
20250725 15:25	14.0	14.0	14.0	16	-11.4	9	20	205	0.0	734.5	-100000	-100000.000	-1.0
20250725 15:30	14.5	14.5	14.5	16	-11.0	10	21	199	0.0	734.5	-100000	-100000.000	-1.0
20250725 15:35	14.8	14.8	14.8	16	-10.8	9	22	208	0.0	734.5	-100000	-100000.000	-1.0
20250725 15:40	15.1	15.1	15.1	16	-10.6	10	22	203	0.0	734.5	-100000	-100000.000	-1.0
20250725 15:45	15.2	15.2	15.2	17	-9.7	8	19	214	0.0	734.5	-100000	-100000.000	-1.0
20250725 15:50	15.5	15.5	15.5	16	-10.2	8	19	201	0.0	734.5	-100000	-100000.000	-1.0
20250725 15:55	15.5	15.5	15.5	16	-10.2	7	20	223	0.0	734.5	-100000	-100000.000	-1.0
20250725 16:00	15.7	15.7	15.7	17	-9.3	10	20	201	0.0	734.5	-100000	-100000.000	-1.0
20250725 16:05	15.6	15.6	15.6	17	-9.4	8	18	198	0.0	734.5	-100000	-100000.000	-1.0
20250725 16:10	15.9	15.9	15.9	17	-9.1	6	19	221	0.0	734.5	-100000	-100000.000	-1.0
20250725 16:15	16.5	16.5	16.5	18	-7.9	10	21	203	0.0	734.5	-100000	-100000.000	-1.0
20250725 16:20	16.1	16.1	16.1	17	-9.0	6	17	220	0.0	734.5	-100000	-100000.000	-1.0
20250725 16:25	16.4	16.4	16.4	17	-8.7	7	18	212	0.0	734.5	-100000	-100000.000	-1.0
20250725 16:30	16.7	16.7	16.7	17	-8.5	9	18	205	0.0	734.5	-100000	-100000.000	-1.0
20250725 16:35	16.3	16.3	16.3	19	-7.4	8	18	196	0.0	734.5	-100000	-100000.000	-1.0
20250725 16:40	16.6	16.6	16.6	17	-8.6	11	23	199	0.0	734.5	-100000	-100000.000	-1.0
20250725 16:45	16.2	16.2	16.2	17	-8.9	6	15	208	0.0	734.5	-100000	-100000.000	-1.0
20250725 16:50	16.6	16.6	16.6	18	-7.9	7	20	214	0.0	734.8	-100000	-100000.000	-1.0
20250725 16:55	16.8	16.8	16.8	17	-8.4	4	18	234	0.0	734.8	-100000	-100000.000	-1.0
20250725 17:00	17.4	17.4	17.4	17	-7.9	5	17	217	0.0	734.8	-100000	-100000.000	-1.0
20250725 17:05	17.8	17.8	17.8	16	-8.4	6	17	198	0.0	734.8	-100000	-100000.000	-1.0
20250725 17:10	17.5	17.5	17.5	16	-8.6	5	18	216	0.0	734.8	-100000	-100000.000	-1.0
20250725 17:15	17.6	17.6	17.6	16	-8.6	7	18	219	0.0	734.8	-100000	-100000.000	-1.0
20250725 17:20	17.4	17.4	17.4	16	-8.7	5	19	232	0.0	734.8	-100000	-100000.000	-1.0
20250725 17:25	17.6	17.6	17.6	18	-7.0	6	16	203	0.0	734.8	-100000	-100000.000	-1.0
20250725 17:30	17.6	17.6	17.6	19	-6.3	5	18	221	0.0	734.8	-100000	-100000.000	-1.0
20250725 17:35	17.9	17.9	17.9	20	-5.4	8	24	199	0.0	734.8	-100000	-100000.000	-1.0
20250725 17:40	17.5	17.5	17.5	20	-5.7	10	24	196	0.0	734.8	-100000	-100000.000	-1.0
20250725 17:45	17.1	17.1	17.1	20	-6.1	9	23	207	0.0	734.8	-100000	-100000.000	-1.0
20250725 17:50	17.1	17.1	17.1	21	-5.4	9	23	205	0.0	734.8	-100000	-100000.000	-1.0
20250725 17:55	16.8	16.8	16.8	22	-5.1	9	23	214	0.0	734.8	-100000	-100000.000	-1.0
20250725 18:00	16.8	16.8	16.8	23	-4.5	7	20	198	0.0	734.8	-100000	-100000.000	-1.0
20250725 18:05	17.1	17.1	17.1	22	-4.8	7	17	205	0.0	734.8	-100000	-100000.000	-1.0
20250725 18:10	17.4	17.4	17.4	22	-4.5	6	16	210	0.0	734.8	-100000	-100000.000	-1.0
20250725 18:15	17.4	17.4	17.4	23	-4.0	7	21	217	0.0	734.8	-100000	-100000.000	-1.0
20250725 18:20	16.8	16.8	16.8	23	-4.5	8	19	216	0.0	734.8	-100000	-100000.000	-1.0
20250725 18:25	16.6	16.6	16.6	23	-4.7	3	10	220	0.0	734.8	-100000	-100000.000	-1.0
20250725 18:30	16.8	16.8	16.8	23	-4.5	5	13	226	0.0	734.8	-100000	-100000.000	-1.0
20250725 18:35	16.6	16.6	16.6	23	-4.7	4	12	210	0.0	734.8	-100000	-100000.000	-1.0
20250725 18:40	16.3	16.3	16.3	22	-5.5	4	11	217	0.0	734.8	-100000	-100000.000	-1.0
20250725 18:45	16.7	16.7	16.7	20	-6.4	6	15	212	0.0	734.8	-100000	-100000.000	-1.0
20250725 18:50	16.3	16.3	16.3	21	-6.1	5	16	219	0.0	734.8	-100000	-100000.000	-1.0
20250725 18:55	16.8	16.8	16.8	22	-5.1	9	26	207	0.0	734.8	-100000	-100000.000	-1.0
20250725 19:00	16.9	16.9	16.9	24	-3.8	11	23	196	0.0	734.8	-100000	-100000.000	-1.0
20250725 19:05	16.3	16.3	16.3	23	-4.9	9	21	212	0.0	734.8	-100000	-100000.000	-1.0
20250725 19:10	16.6	16.6	16.6	27	-2.5	7	27	217	0.0	734.8	-100000	-100000.000	-1.0
20250725 19:15	16.7	16.7	16.7	24	-4.0	6	19	219	0.0	734.8	-100000	-100000.000	-1.0
20250725 19:20	17.0	17.0	17.0	24	-3.7	9	26	201	0.0	734.8	-100000	-100000.000	-1.0
20250725 19:25	17.4	17.4	17.4	25	-2.8	6	17	226	0.0	734.8	-100000	-100000.000	-1.0
20250725 19:30	18.1	18.1	18.1	24	-2.8	6	24	217	0.0	734.8	-100000	-100000.000	-1.0
20250725 19:35	17.9	17.9	17.9	24	-3.0	7	18	214	0.0	734.8	-100000	-100000.000	-1.0
20250725 19:40	17.3	17.3	17.3	26	-2.4	9	24	208	0.0	734.8	-100000	-100000.000	-1.0
20250725 19:45	16.9	16.9	16.9	25	-3.3	11	27	205	0.0	734.8	-100000	-100000.000	-1.0
20250725 19:50	17.1	17.1	17.1	23	-4.2	8	23	219	0.0	734.8	-100000	-100000.000	-1.0
20250725 19:55	17.2	17.2	17.2	25	-3.0	6	18	219	0.0	734.8	-100000	-100000.000	-1.0
20250725 20:00	18.2	18.2	18.2	25	-2.2	9	29	210	0.0	734.8	-100000	-100000.000	-1.0
20250725 20:05	17.1	17.1	17.1	26	-2.6	9	19	205	0.0	734.8	-100000	-100000.000	-1.0
20250725 20:10	17.5	17.5	17.5	26	-2.2	7	25	216	0.0	734.8	-100000	-100000.000	-1.0
20250725 20:15	17.4	17.4	17.4	25	-2.8	10	22	198	0.0	734.8	-100000	-100000.000	-1.0
20250725 20:20	17.3	17.3	17.3	25	-2.9	10	22	208	0.0	734.5	-100000	-100000.000	-1.0
20250725 20:25	17.8	17.8	17.8	27	-1.5	8	17	196	0.0	734.5	-100000	-100000.000	-1.0
20250725 20:30	18.0	18.0	18.0	26	-1.8	10	29	207	0.0	734.8	-100000	-100000.000	-1.0
20250725 20:35	17.4	17.4	17.4	28	-1.3	13	29	192	0.0	734.5	-100000	-100000.000	-1.0
20250725 20:40	17.3	17.3	17.3	29	-0.9	10	27	203	0.0	734.5	-100000	-100000.000	-1.0
20250725 20:45	17.6	17.6	17.6	30	-0.2	8	20	203	0.0	734.5	-100000	-100000.000	-1.0
20250725 20:50	17.3	17.3	17.3	30	-0.5	7	22	208	0.0	734.5	-100000	-100000.000	-1.0
20250725 20:55	17.7	17.7	17.7	29	-0.6	5	16	259	0.0	734.5	-100000	-100000.000	-1.0
20250725 21:00	18.7	18.7	18.7	29	0.3	6	22	239	0.0	734.5	-100000	-100000.000	-1.0
20250725 21:05	19.0	19.0	19.0	28	0.1	6	24	214	0.0	734.5	-100000	-100000.000	-1.0
20250725 21:10	18.5	18.5	18.5	27	-0.9	9	25	205	0.0	734.5	-100000	-100000.000	-1.0
20250725 21:15	18.5	18.5	18.5	29	0.1	11	22	199	0.0	734.5	-100000	-100000.000	-1.0
20250725 21:20	17.5	17.5	17.5	30	-0.3	6	18	216	0.0	734.5	-100000	-100000.000	-1.0
20250725 21:25	18.5	18.5	18.5	29	0.1	4	15	220	0.0	734.5	-100000	-100000.000	-1.0
20250725 21:30	19.2	19.2	19.2	29	0.7	7	22	199	0.0	734.5	-100000	-100000.000	-1.0
20250725 21:35	18.9	18.9	18.9	29	0.5	4	16	201	0.0	734.5	-100000	-100000.000	-1.0
20250725 21:40	19.6	19.6	19.6	29	1.0	7	22	212	0.0	734.5	-100000	-100000.000	-1.0
20250725 21:45	18.7	18.7	18.7	31	1.2	5	19	234	0.0	734.5	-100000	-100000.000	-1.0
20250725 21:50	19.0	19.0	19.0	30	1.0	7	20	207	0.0	734.5	-100000	-100000.000	-1.0
20250725 21:55	18.7	18.7	18.7	31	1.2	7	21	207	0.0	734.5	-100000	-100000.000	-1.0
20250725 22:00	18.4	18.4	18.4	31	1.0	5	23	232	0.0	734.5	-100000	-100000.000	-1.0
20250725 22:05	18.9	18.9	18.9	30	0.9	8	23	208	0.0	734.5	-100000	-100000.000	-1.0
20250725 22:10	18.3	18.3	18.3	31	0.9	6	18	226	0.0	734.5	-100000	-100000.000	-1.0
20250725 22:15	18.9	18.9	18.9	29	0.5	6	26	226	0.0	734.5	-100000	-100000.000	-1.0
20250725 22:20	18.4	18.4	18.4	30	0.5	11	26	201	0.0	734.2	-100000	-100000.000	-1.0
20250725 22:25	17.4	17.4	17.4	32	0.5	12	20	192	0.0	734.2	-100000	-100000.000	-1.0
20250725 22:30	17.4	17.4	17.4	30	-0.4	8	24	203	0.0	734.2	-100000	-100000.000	-1.0
20250725 22:35	17.7	17.7	17.7	31	0.3	13	26	196	0.0	734.2	-100000	-100000.000	-1.0
20250725 22:40	17.0	17.0	17.0	31	-0.3	11	26	196	0.0	734.2	-100000	-100000.000	-1.0
20250725 22:45	17.2	17.2	17.2	31	-0.1	8	24	198	0.0	734.2	-100000	-100000.000	-1.0
20250725 22:50	17.2	17.2	17.2	31	-0.1	8	19	212	0.0	734.2	-100000	-100000.000	-1.0
20250725 22:55	17.3	17.3	17.3	29	-0.9	7	20	205	0.0	734.2	-100000	-100000.000	-1.0
20250725 23:00	17.7	17.7	17.7	28	-1.1	8	20	210	0.0	734.2	-100000	-100000.000	-1.0
20250725 23:05	17.6	17.6	17.6	28	-1.2	10	20	203	0.0	734.2	-100000	-100000.000	-1.0
20250725 23:10	17.4	17.4	17.4	28	-1.3	7	21	210	0.0	734.2	-100000	-100000.000	-1.0
20250725 23:15	17.7	17.7	17.7	28	-1.1	6	19	225	0.0	734.2	-100000	-100000.000	-1.0
20250725 23:20	18.1	18.1	18.1	28	-0.7	10	22	207	0.0	733.8	-100000	-100000.000	-1.0
20250725 23:25	17.8	17.8	17.8	28	-1.0	10	22	207	0.0	733.8	-100000	-100000.000	-1.0
20250725 23:30	17.7	17.7	17.7	28	-1.1	10	27	207	0.0	733.8	-100000	-100000.000	-1.0
20250725 23:35	17.3	17.3	17.3	28	-1.4	11	22	198	0.0	733.8	-100000	-100000.000	-1.0
20250725 23:40	17.1	17.1	17.1	29	-1.1	10	24	208	0.0	733.8	-100000	-100000.000	-1.0
20250725 23:45	17.2	17.2	17.2	29	-1.0	9	21	210	0.0	733.8	-100000	-100000.000	-1.0
20250725 23:50	17.0	17.0	17.0	29	-1.2	9	23	205	0.0	733.8	-100000	-100000.000	-1.0
20250725 23:55	17.3	17.3	17.3	29	-0.9	9	20	205	0.0	733.8	-100000	-100000.000	-1.0
