--Timestamp---	Temp	Chill	HIndex	Humid	Dewpt	 Wind 	HiWind	WindDir	Rain 	Barom	Solar	 ET  	 UV 
--------------	----	-----	------	-----	-----	------	------	-------	-----	-----	-----	-----	----
20250710 00:00	22.3	22.3	22.3	44	9.4	10	21	327	0.0	737.2	-100000	-100000.000	-1.0
20250710 00:05	21.6	21.6	21.6	44	8.8	8	19	331	0.0	737.2	-100000	-100000.000	-1.0
20250710 00:10	21.5	21.5	21.5	45	9.1	9	27	338	0.0	737.2	-100000	-100000.000	-1.0
20250710 00:15	21.8	21.8	21.8	44	9.0	6	18	331	0.0	737.2	-100000	-100000.000	-1.0
20250710 00:20	22.0	22.0	22.0	44	9.2	12	28	354	0.0	737.2	-100000	-100000.000	-1.0
20250710 00:25	21.2	21.2	21.2	45	8.8	9	20	329	0.0	737.2	-100000	-100000.000	-1.0
20250710 00:30	21.3	21.3	21.3	45	8.9	6	16	329	0.0	737.2	-100000	-100000.000	-1.0
20250710 00:35	21.4	21.4	21.4	45	9.0	8	21	342	0.0	736.9	-100000	-100000.000	-1.0
20250710 00:40	21.5	21.5	21.5	45	9.1	8	25	340	0.0	736.9	-100000	-100000.000	-1.0
20250710 00:45	21.4	21.4	21.4	45	9.0	6	16	338	0.0	736.9	-100000	-100000.000	-1.0
20250710 00:50	21.5	21.5	21.5	45	9.1	7	19	324	0.0	736.9	-100000	-100000.000	-1.0
20250710 00:55	21.5	21.5	21.5	45	9.1	11	23	349	0.0	736.9	-100000	-100000.000	-1.0
20250710 01:00	20.9	20.9	20.9	45	8.5	9	23	345	0.0	736.9	-100000	-100000.000	-1.0
20250710 01:05	20.7	20.7	20.7	46	8.6	7	16	342	0.0	736.9	-100000	-100000.000	-1.0
20250710 01:10	21.1	21.1	21.1	45	8.7	7	16	342	0.0	736.9	-100000	-100000.000	-1.0
20250710 01:15	21.1	21.1	21.1	45	8.7	8	18	336	0.0	736.9	-100000	-100000.000	-1.0
20250710 01:20	20.8	20.8	20.8	46	8.7	8	19	338	0.0	736.9	-100000	-100000.000	-1.0
20250710 01:25	20.7	20.7	20.7	46	8.6	9	21	338	0.0	736.9	-100000	-100000.000	-1.0
20250710 01:30	20.5	20.5	20.5	46	8.5	12	25	347	0.0	736.9	-100000	-100000.000	-1.0
20250710 01:35	20.1	20.1	20.1	47	8.4	10	25	349	0.0	736.9	-100000	-100000.000	-1.0
20250710 01:40	20.0	20.0	20.0	47	8.3	7	16	352	0.0	736.9	-100000	-100000.000	-1.0
20250710 01:45	20.2	20.2	20.2	47	8.5	7	18	349	0.0	736.9	-100000	-100000.000	-1.0
20250710 01:50	20.1	20.1	20.1	47	8.4	8	19	354	0.0	736.9	-100000	-100000.000	-1.0
20250710 01:55	19.9	19.9	19.9	48	8.5	10	21	0	0.0	736.9	-100000	-100000.000	-1.0
20250710 02:00	19.8	19.8	19.8	48	8.4	7	15	358	0.0	736.9	-100000	-100000.000	-1.0
20250710 02:05	19.8	19.8	19.8	48	8.4	8	17	358	0.0	736.9	-100000	-100000.000	-1.0
20250710 02:10	19.6	19.6	19.6	48	8.2	5	15	336	0.0	736.9	-100000	-100000.000	-1.0
20250710 02:15	19.6	19.6	19.6	48	8.2	5	12	340	0.0	736.9	-100000	-100000.000	-1.0
20250710 02:20	19.6	19.6	19.6	49	8.5	2	7	358	0.0	736.9	-100000	-100000.000	-1.0
20250710 02:25	19.6	19.6	19.6	49	8.5	4	9	331	0.0	736.9	-100000	-100000.000	-1.0
20250710 02:30	19.4	19.4	19.4	49	8.4	6	12	325	0.0	736.9	-100000	-100000.000	-1.0
20250710 02:35	19.2	19.2	19.2	50	8.5	4	13	311	0.0	736.9	-100000	-100000.000	-1.0
20250710 02:40	18.9	18.9	18.9	50	8.2	2	8	262	0.0	736.9	-100000	-100000.000	-1.0
20250710 02:45	18.7	18.7	18.7	51	8.3	2	7	302	0.0	736.9	-100000	-100000.000	-1.0
20250710 02:50	18.5	18.5	18.5	51	8.2	2	7	316	0.0	736.9	-100000	-100000.000	-1.0
20250710 02:55	18.4	18.4	18.4	51	8.1	3	6	338	0.0	736.9	-100000	-100000.000	-1.0
20250710 03:00	18.1	18.1	18.1	52	8.0	2	6	306	0.0	736.9	-100000	-100000.000	-1.0
20250710 03:05	17.9	17.9	17.9	52	7.9	3	8	304	0.0	736.9	-100000	-100000.000	-1.0
20250710 03:10	17.6	17.6	17.6	52	7.6	3	7	10	0.0	736.9	-100000	-100000.000	-1.0
20250710 03:15	17.4	17.4	17.4	52	7.4	5	9	331	0.0	736.9	-100000	-100000.000	-1.0
20250710 03:20	17.3	17.3	17.3	52	7.3	3	9	309	0.0	736.9	-100000	-100000.000	-1.0
20250710 03:25	17.2	17.2	17.2	53	7.5	2	9	322	0.0	736.9	-100000	-100000.000	-1.0
20250710 03:30	17.2	17.2	17.2	53	7.5	3	7	329	0.0	737.2	-100000	-100000.000	-1.0
20250710 03:35	17.2	17.2	17.2	53	7.5	3	7	338	0.0	737.2	-100000	-100000.000	-1.0
20250710 03:40	17.1	17.1	17.1	53	7.4	2	8	321	0.0	737.2	-100000	-100000.000	-1.0
20250710 03:45	17.2	17.2	17.2	53	7.5	3	9	336	0.0	737.2	-100000	-100000.000	-1.0
20250710 03:50	17.1	17.1	17.1	53	7.4	3	8	302	0.0	737.2	-100000	-100000.000	-1.0
20250710 03:55	17.0	17.0	17.0	52	7.1	4	10	309	0.0	737.2	-100000	-100000.000	-1.0
20250710 04:00	17.1	17.1	17.1	53	7.4	2	6	289	0.0	737.2	-100000	-100000.000	-1.0
20250710 04:05	17.1	17.1	17.1	52	7.1	3	8	313	0.0	737.2	-100000	-100000.000	-1.0
20250710 04:10	17.1	17.1	17.1	52	7.1	3	9	293	0.0	737.2	-100000	-100000.000	-1.0
20250710 04:15	17.0	17.0	17.0	52	7.1	3	9	298	0.0	737.2	-100000	-100000.000	-1.0
20250710 04:20	16.9	16.9	16.9	52	7.0	2	7	291	0.0	737.2	-100000	-100000.000	-1.0
20250710 04:25	16.9	16.9	16.9	54	7.5	1	6	302	0.0	737.2	-100000	-100000.000	-1.0
20250710 04:30	16.9	16.9	16.9	52	7.0	4	13	295	0.0	737.2	-100000	-100000.000	-1.0
20250710 04:35	16.9	16.9	16.9	52	7.0	2	8	289	0.0	737.2	-100000	-100000.000	-1.0
20250710 04:40	16.9	16.9	16.9	52	7.0	2	6	289	0.0	737.2	-100000	-100000.000	-1.0
20250710 04:45	16.9	16.9	16.9	52	7.0	6	13	315	0.0	737.2	-100000	-100000.000	-1.0
20250710 04:50	16.9	16.9	16.9	52	7.0	6	12	315	0.0	737.2	-100000	-100000.000	-1.0
20250710 04:55	17.0	17.0	17.0	53	7.3	5	11	306	0.0	737.2	-100000	-100000.000	-1.0
20250710 05:00	17.3	17.3	17.3	53	7.6	5	14	307	0.0	737.2	-100000	-100000.000	-1.0
20250710 05:05	17.3	17.3	17.3	53	7.6	6	11	320	0.0	737.2	-100000	-100000.000	-1.0
20250710 05:10	17.4	17.4	17.4	53	7.7	5	9	324	0.0	737.2	-100000	-100000.000	-1.0
20250710 05:15	17.5	17.5	17.5	53	7.8	4	8	318	0.0	737.2	-100000	-100000.000	-1.0
20250710 05:20	17.5	17.5	17.5	51	7.2	4	9	313	0.0	737.2	-100000	-100000.000	-1.0
20250710 05:25	17.2	17.2	17.2	51	6.9	3	9	306	0.0	737.6	-100000	-100000.000	-1.0
20250710 05:30	17.1	17.1	17.1	52	7.1	4	9	304	0.0	737.6	-100000	-100000.000	-1.0
20250710 05:35	17.2	17.2	17.2	53	7.5	5	9	322	0.0	737.6	-100000	-100000.000	-1.0
20250710 05:40	17.5	17.5	17.5	53	7.8	5	8	331	0.0	737.6	-100000	-100000.000	-1.0
20250710 05:45	17.7	17.7	17.7	53	8.0	5	8	338	0.0	737.6	-100000	-100000.000	-1.0
20250710 05:50	17.8	17.8	17.8	53	8.1	5	8	342	0.0	737.6	-100000	-100000.000	-1.0
20250710 05:55	17.8	17.8	17.8	53	8.1	5	7	345	0.0	737.6	-100000	-100000.000	-1.0
20250710 06:00	17.8	17.8	17.8	52	7.8	5	7	347	0.0	737.6	-100000	-100000.000	-1.0
20250710 06:05	17.9	17.9	17.9	52	7.9	6	8	354	0.0	737.6	-100000	-100000.000	-1.0
20250710 06:10	17.9	17.9	17.9	53	8.2	6	10	7	0.0	737.6	-100000	-100000.000	-1.0
20250710 06:15	18.1	18.1	18.1	52	8.0	7	10	18	0.0	737.6	-100000	-100000.000	-1.0
20250710 06:20	18.2	18.2	18.2	52	8.1	6	9	18	0.0	737.6	-100000	-100000.000	-1.0
20250710 06:25	18.2	18.2	18.2	52	8.1	6	10	23	0.0	737.6	-100000	-100000.000	-1.0
20250710 06:30	18.2	18.2	18.2	52	8.1	6	10	27	0.0	737.6	-100000	-100000.000	-1.0
20250710 06:35	18.2	18.2	18.2	52	8.1	7	11	21	0.0	737.6	-100000	-100000.000	-1.0
20250710 06:40	18.3	18.3	18.3	52	8.2	8	11	18	0.0	737.6	-100000	-100000.000	-1.0
20250710 06:45	18.3	18.3	18.3	52	8.2	6	10	25	0.0	737.6	-100000	-100000.000	-1.0
20250710 06:50	18.3	18.3	18.3	52	8.2	7	13	18	0.0	737.6	-100000	-100000.000	-1.0
20250710 06:55	18.3	18.3	18.3	51	8.0	8	13	18	0.0	737.6	-100000	-100000.000	-1.0
20250710 07:00	18.4	18.4	18.4	50	7.8	8	14	21	0.0	737.6	-100000	-100000.000	-1.0
20250710 07:05	18.4	18.4	18.4	50	7.8	7	12	16	0.0	737.6	-100000	-100000.000	-1.0
20250710 07:10	18.4	18.4	18.4	50	7.8	9	14	18	0.0	737.6	-100000	-100000.000	-1.0
20250710 07:15	18.4	18.4	18.4	50	7.8	9	15	16	0.0	737.6	-100000	-100000.000	-1.0
20250710 07:20	18.4	18.4	18.4	51	8.1	9	14	16	0.0	737.6	-100000	-100000.000	-1.0
20250710 07:25	18.4	18.4	18.4	51	8.1	8	12	21	0.0	737.6	-100000	-100000.000	-1.0
20250710 07:30	18.4	18.4	18.4	51	8.1	6	11	25	0.0	737.6	-100000	-100000.000	-1.0
20250710 07:35	18.3	18.3	18.3	51	8.0	7	13	54	0.0	737.6	-100000	-100000.000	-1.0
20250710 07:40	18.4	18.4	18.4	50	7.8	7	12	75	0.0	737.6	-100000	-100000.000	-1.0
20250710 07:45	18.5	18.5	18.5	50	7.9	7	15	63	0.0	737.6	-100000	-100000.000	-1.0
20250710 07:50	18.5	18.5	18.5	50	7.9	6	13	64	0.0	737.6	-100000	-100000.000	-1.0
20250710 07:55	18.4	18.4	18.4	50	7.8	5	12	54	0.0	737.6	-100000	-100000.000	-1.0
20250710 08:00	18.4	18.4	18.4	50	7.8	4	10	61	0.0	737.6	-100000	-100000.000	-1.0
20250710 08:05	18.3	18.3	18.3	50	7.7	6	10	66	0.0	737.6	-100000	-100000.000	-1.0
20250710 08:10	18.3	18.3	18.3	50	7.7	5	11	54	0.0	737.2	-100000	-100000.000	-1.0
20250710 08:15	18.3	18.3	18.3	50	7.7	5	9	57	0.0	737.2	-100000	-100000.000	-1.0
20250710 08:20	18.3	18.3	18.3	50	7.7	5	10	48	0.0	737.2	-100000	-100000.000	-1.0
20250710 08:25	18.3	18.3	18.3	50	7.7	5	8	46	0.0	737.2	-100000	-100000.000	-1.0
20250710 08:30	18.3	18.3	18.3	50	7.7	5	8	39	0.0	737.2	-100000	-100000.000	-1.0
20250710 08:35	18.3	18.3	18.3	50	7.7	4	8	70	0.0	737.2	-100000	-100000.000	-1.0
20250710 08:40	18.2	18.2	18.2	50	7.6	5	9	93	0.0	736.9	-100000	-100000.000	-1.0
20250710 08:45	18.4	18.4	18.4	49	7.5	4	9	129	0.0	736.9	-100000	-100000.000	-1.0
20250710 08:50	18.4	18.4	18.4	49	7.5	7	12	162	0.0	736.9	-100000	-100000.000	-1.0
20250710 08:55	18.5	18.5	18.5	49	7.6	7	13	162	0.0	736.9	-100000	-100000.000	-1.0
20250710 09:00	18.5	18.5	18.5	49	7.6	7	12	162	0.0	736.9	-100000	-100000.000	-1.0
20250710 09:05	18.4	18.4	18.4	49	7.5	5	8	163	0.0	736.9	-100000	-100000.000	-1.0
20250710 09:10	18.3	18.3	18.3	49	7.4	5	9	162	0.0	736.9	-100000	-100000.000	-1.0
20250710 09:15	18.3	18.3	18.3	49	7.4	4	8	163	0.0	736.9	-100000	-100000.000	-1.0
20250710 09:20	18.2	18.2	18.2	49	7.3	6	9	162	0.0	736.9	-100000	-100000.000	-1.0
20250710 09:25	18.1	18.1	18.1	49	7.2	8	11	176	0.0	736.9	-100000	-100000.000	-1.0
20250710 09:30	18.2	18.2	18.2	49	7.3	9	14	171	0.0	736.5	-100000	-100000.000	-1.0
20250710 09:35	18.3	18.3	18.3	48	7.1	8	11	178	0.0	736.5	-100000	-100000.000	-1.0
20250710 09:40	18.3	18.3	18.3	48	7.1	5	8	180	0.0	736.5	-100000	-100000.000	-1.0
20250710 09:45	18.1	18.1	18.1	49	7.2	4	6	180	0.0	736.5	-100000	-100000.000	-1.0
20250710 09:50	17.8	17.8	17.8	50	7.2	5	8	172	0.0	736.5	-100000	-100000.000	-1.0
20250710 09:55	17.8	17.8	17.8	49	6.9	6	9	162	0.0	736.5	-100000	-100000.000	-1.0
20250710 10:00	18.0	18.0	18.0	49	7.1	6	10	162	0.0	736.5	-100000	-100000.000	-1.0
20250710 10:05	18.1	18.1	18.1	49	7.2	6	10	162	0.0	736.5	-100000	-100000.000	-1.0
20250710 10:10	18.1	18.1	18.1	48	6.9	8	12	162	0.0	736.5	-100000	-100000.000	-1.0
20250710 10:15	18.1	18.1	18.1	49	7.2	7	10	162	0.0	736.5	-100000	-100000.000	-1.0
20250710 10:20	18.1	18.1	18.1	49	7.2	6	9	162	0.0	736.5	-100000	-100000.000	-1.0
20250710 10:25	18.1	18.1	18.1	49	7.2	4	8	136	0.0	736.5	-100000	-100000.000	-1.0
20250710 10:30	17.9	17.9	17.9	50	7.3	5	9	131	0.0	736.5	-100000	-100000.000	-1.0
20250710 10:35	17.9	17.9	17.9	51	7.6	5	9	136	0.0	736.5	-100000	-100000.000	-1.0
20250710 10:40	17.8	17.8	17.8	52	7.8	7	11	120	0.0	736.5	-100000	-100000.000	-1.0
20250710 10:45	17.8	17.8	17.8	52	7.8	6	14	100	0.0	736.5	-100000	-100000.000	-1.0
20250710 10:50	17.8	17.8	17.8	52	7.8	5	11	86	0.0	736.5	-100000	-100000.000	-1.0
20250710 10:55	17.8	17.8	17.8	52	7.8	6	10	104	0.0	736.5	-100000	-100000.000	-1.0
20250710 11:00	17.8	17.8	17.8	52	7.8	7	11	145	0.0	736.5	-100000	-100000.000	-1.0
20250710 11:05	17.7	17.7	17.7	52	7.7	7	12	162	0.0	736.5	-100000	-100000.000	-1.0
20250710 11:10	17.7	17.7	17.7	52	7.7	8	11	162	0.0	736.5	-100000	-100000.000	-1.0
20250710 11:15	17.8	17.8	17.8	52	7.8	8	11	180	0.0	736.5	-100000	-100000.000	-1.0
20250710 11:20	17.9	17.9	17.9	51	7.6	7	9	178	0.0	736.5	-100000	-100000.000	-1.0
20250710 11:25	17.9	17.9	17.9	51	7.6	7	9	176	0.0	736.5	-100000	-100000.000	-1.0
20250710 11:30	17.8	17.8	17.8	52	7.8	7	9	180	0.0	736.5	-100000	-100000.000	-1.0
20250710 11:35	17.6	17.6	17.6	52	7.6	7	9	192	0.0	736.5	-100000	-100000.000	-1.0
20250710 11:40	17.5	17.5	17.5	53	7.8	7	9	190	0.0	736.5	-100000	-100000.000	-1.0
20250710 11:45	17.4	17.4	17.4	53	7.7	7	9	198	0.0	736.5	-100000	-100000.000	-1.0
20250710 11:50	17.5	17.5	17.5	52	7.5	7	9	190	0.0	736.5	-100000	-100000.000	-1.0
20250710 11:55	17.5	17.5	17.5	52	7.5	6	8	183	0.0	736.5	-100000	-100000.000	-1.0
20250710 12:00	17.4	17.4	17.4	52	7.4	7	9	194	0.0	736.5	-100000	-100000.000	-1.0
20250710 12:05	17.4	17.4	17.4	52	7.4	8	10	189	0.0	736.5	-100000	-100000.000	-1.0
20250710 12:10	17.5	17.5	17.5	52	7.5	7	9	180	0.0	736.5	-100000	-100000.000	-1.0
20250710 12:15	17.4	17.4	17.4	52	7.4	7	9	180	0.0	736.5	-100000	-100000.000	-1.0
20250710 12:20	17.4	17.4	17.4	53	7.7	7	9	180	0.0	736.5	-100000	-100000.000	-1.0
20250710 12:25	17.3	17.3	17.3	53	7.6	7	9	180	0.0	736.5	-100000	-100000.000	-1.0
20250710 12:30	17.3	17.3	17.3	53	7.6	7	9	180	0.0	736.5	-100000	-100000.000	-1.0
20250710 12:35	17.2	17.2	17.2	53	7.5	8	9	180	0.0	736.5	-100000	-100000.000	-1.0
20250710 12:40	17.2	17.2	17.2	53	7.5	9	10	183	0.0	736.5	-100000	-100000.000	-1.0
20250710 12:45	17.3	17.3	17.3	53	7.6	8	11	183	0.0	736.5	-100000	-100000.000	-1.0
20250710 12:50	17.3	17.3	17.3	53	7.6	7	10	185	0.0	736.5	-100000	-100000.000	-1.0
20250710 12:55	17.2	17.2	17.2	53	7.5	7	10	183	0.0	736.5	-100000	-100000.000	-1.0
20250710 13:00	17.3	17.3	17.3	53	7.6	7	10	180	0.0	736.9	-100000	-100000.000	-1.0
20250710 13:05	17.3	17.3	17.3	53	7.6	7	9	180	0.0	736.9	-100000	-100000.000	-1.0
20250710 13:10	17.3	17.3	17.3	53	7.6	6	8	180	0.0	736.9	-100000	-100000.000	-1.0
20250710 13:15	17.3	17.3	17.3	53	7.6	6	8	180	0.0	736.9	-100000	-100000.000	-1.0
20250710 13:20	17.3	17.3	17.3	53	7.6	6	9	176	0.0	736.9	-100000	-100000.000	-1.0
20250710 13:25	17.3	17.3	17.3	53	7.6	5	8	176	0.0	736.9	-100000	-100000.000	-1.0
20250710 13:30	17.3	17.3	17.3	53	7.6	5	8	180	0.0	736.9	-100000	-100000.000	-1.0
20250710 13:35	17.3	17.3	17.3	53	7.6	7	10	180	0.0	736.9	-100000	-100000.000	-1.0
20250710 13:40	17.3	17.3	17.3	53	7.6	7	11	180	0.0	736.9	-100000	-100000.000	-1.0
20250710 13:45	17.4	17.4	17.4	53	7.7	6	9	180	0.0	736.9	-100000	-100000.000	-1.0
20250710 13:50	17.4	17.4	17.4	53	7.7	6	10	180	0.0	737.2	-100000	-100000.000	-1.0
20250710 13:55	17.5	17.5	17.5	53	7.8	6	8	180	0.0	737.2	-100000	-100000.000	-1.0
20250710 14:00	17.6	17.6	17.6	52	7.6	6	8	180	0.0	737.2	-100000	-100000.000	-1.0
20250710 14:05	17.7	17.7	17.7	52	7.7	6	8	181	0.0	737.2	-100000	-100000.000	-1.0
20250710 14:10	17.9	17.9	17.9	52	7.9	6	8	180	0.0	737.2	-100000	-100000.000	-1.0
20250710 14:15	18.0	18.0	18.0	52	8.0	5	8	180	0.0	737.2	-100000	-100000.000	-1.0
20250710 14:20	18.0	18.0	18.0	52	8.0	4	7	172	0.0	737.2	-100000	-100000.000	-1.0
20250710 14:25	18.0	18.0	18.0	51	7.7	4	6	162	0.0	737.2	-100000	-100000.000	-1.0
20250710 14:30	17.9	17.9	17.9	52	7.9	3	4	154	0.0	737.2	-100000	-100000.000	-1.0
20250710 14:35	18.0	18.0	18.0	52	8.0	3	5	151	0.0	737.2	-100000	-100000.000	-1.0
20250710 14:40	18.1	18.1	18.1	51	7.8	4	5	169	0.0	737.6	-100000	-100000.000	-1.0
20250710 14:45	18.2	18.2	18.2	51	7.9	5	8	181	0.0	737.6	-100000	-100000.000	-1.0
20250710 14:50	18.3	18.3	18.3	50	7.7	5	8	190	0.0	737.6	-100000	-100000.000	-1.0
20250710 14:55	18.6	18.6	18.6	50	7.9	4	7	203	0.0	737.6	-100000	-100000.000	-1.0
20250710 15:00	18.8	18.8	18.8	50	8.1	4	8	194	0.0	737.6	-100000	-100000.000	-1.0
20250710 15:05	18.8	18.8	18.8	50	8.1	5	10	190	0.0	737.6	-100000	-100000.000	-1.0
20250710 15:10	19.0	19.0	19.0	49	8.0	6	11	194	0.0	737.6	-100000	-100000.000	-1.0
20250710 15:15	19.1	19.1	19.1	49	8.1	6	10	178	0.0	737.6	-100000	-100000.000	-1.0
20250710 15:20	19.3	19.3	19.3	48	8.0	7	13	172	0.0	737.6	-100000	-100000.000	-1.0
20250710 15:25	19.3	19.3	19.3	48	8.0	6	12	189	0.0	737.6	-100000	-100000.000	-1.0
20250710 15:30	19.4	19.4	19.4	48	8.1	9	15	169	0.0	737.6	-100000	-100000.000	-1.0
20250710 15:35	19.1	19.1	19.1	48	7.8	7	12	192	0.0	737.6	-100000	-100000.000	-1.0
20250710 15:40	19.4	19.4	19.4	48	8.1	6	12	203	0.0	737.6	-100000	-100000.000	-1.0
20250710 15:45	19.6	19.6	19.6	48	8.2	8	13	189	0.0	737.9	-100000	-100000.000	-1.0
20250710 15:50	19.6	19.6	19.6	47	7.9	7	13	160	0.0	737.9	-100000	-100000.000	-1.0
20250710 15:55	19.6	19.6	19.6	48	8.2	7	14	183	0.0	737.9	-100000	-100000.000	-1.0
20250710 16:00	20.0	20.0	20.0	47	8.3	6	16	199	0.0	737.9	-100000	-100000.000	-1.0
20250710 16:05	20.1	20.1	20.1	46	8.1	7	16	158	0.0	737.9	-100000	-100000.000	-1.0
20250710 16:10	20.3	20.3	20.3	45	7.9	4	9	135	0.0	737.9	-100000	-100000.000	-1.0
20250710 16:15	20.4	20.4	20.4	45	8.1	2	7	69	0.0	737.9	-100000	-100000.000	-1.0
20250710 16:20	20.9	20.9	20.9	44	8.2	3	9	189	0.0	737.9	-100000	-100000.000	-1.0
20250710 16:25	21.2	21.2	21.2	44	8.4	2	7	258	0.0	737.9	-100000	-100000.000	-1.0
20250710 16:30	21.6	21.6	21.6	42	8.1	2	7	278	0.0	737.9	-100000	-100000.000	-1.0
20250710 16:35	22.1	22.1	22.1	40	7.8	2	7	225	0.0	737.9	-100000	-100000.000	-1.0
20250710 16:40	22.5	22.5	22.5	40	8.2	5	16	203	0.0	737.9	-100000	-100000.000	-1.0
20250710 16:45	21.9	21.9	21.9	41	8.0	7	15	181	0.0	737.9	-100000	-100000.000	-1.0
20250710 16:50	21.6	21.6	21.6	41	7.7	3	10	228	0.0	737.9	-100000	-100000.000	-1.0
20250710 16:55	22.0	22.0	22.0	40	7.8	3	14	195	0.0	737.9	-100000	-100000.000	-1.0
20250710 17:00	22.0	22.0	22.0	41	8.1	2	12	285	0.0	737.9	-100000	-100000.000	-1.0
20250710 17:05	22.3	22.3	22.3	41	8.4	3	12	310	0.0	737.9	-100000	-100000.000	-1.0
20250710 17:10	22.0	22.0	22.0	42	8.5	3	9	345	0.0	737.9	-100000	-100000.000	-1.0
20250710 17:15	22.4	22.4	22.4	41	8.5	2	6	304	0.0	737.9	-100000	-100000.000	-1.0
20250710 17:20	22.5	22.5	22.5	41	8.6	3	11	257	0.0	737.9	-100000	-100000.000	-1.0
20250710 17:25	22.4	22.4	22.4	41	8.5	2	11	288	0.0	737.9	-100000	-100000.000	-1.0
20250710 17:30	22.1	22.1	22.1	40	7.8	3	12	316	0.0	737.9	-100000	-100000.000	-1.0
20250710 17:35	21.9	21.9	21.9	42	8.4	5	12	334	0.0	737.9	-100000	-100000.000	-1.0
20250710 17:40	21.3	21.3	21.3	43	8.2	5	10	333	0.0	737.9	-100000	-100000.000	-1.0
20250710 17:45	21.0	21.0	21.0	44	8.3	3	9	334	0.0	737.9	-100000	-100000.000	-1.0
20250710 17:50	20.9	20.9	20.9	44	8.2	9	20	331	0.0	737.9	-100000	-100000.000	-1.0
20250710 17:55	21.4	21.4	21.4	43	8.3	6	19	302	0.0	737.9	-100000	-100000.000	-1.0
20250710 18:00	21.6	21.6	21.6	43	8.4	3	12	304	0.0	737.9	-100000	-100000.000	-1.0
20250710 18:05	22.2	22.2	22.2	42	8.6	5	17	306	0.0	737.9	-100000	-100000.000	-1.0
20250710 18:10	22.1	22.1	22.1	42	8.5	4	13	316	0.0	737.9	-100000	-100000.000	-1.0
20250710 18:15	22.4	22.4	22.4	42	8.8	7	19	297	0.0	737.9	-100000	-100000.000	-1.0
20250710 18:20	22.7	22.7	22.7	40	8.4	4	15	315	0.0	737.9	-100000	-100000.000	-1.0
20250710 18:25	22.3	22.3	22.3	41	8.4	5	21	324	0.0	737.9	-100000	-100000.000	-1.0
20250710 18:30	22.1	22.1	22.1	41	8.2	7	23	322	0.0	737.9	-100000	-100000.000	-1.0
20250710 18:35	22.0	22.0	22.0	41	8.1	8	18	338	0.0	737.9	-100000	-100000.000	-1.0
20250710 18:40	21.4	21.4	21.4	42	7.9	8	23	311	0.0	737.6	-100000	-100000.000	-1.0
20250710 18:45	21.8	21.8	21.8	42	8.3	7	20	315	0.0	737.9	-100000	-100000.000	-1.0
20250710 18:50	22.4	22.4	22.4	41	8.5	7	26	309	0.0	737.9	-100000	-100000.000	-1.0
20250710 18:55	22.7	22.7	22.7	40	8.4	8	27	329	0.0	737.9	-100000	-100000.000	-1.0
20250710 19:00	22.8	22.8	22.8	39	8.1	8	21	347	0.0	737.6	-100000	-100000.000	-1.0
20250710 19:05	22.0	22.0	22.0	41	8.1	6	17	322	0.0	737.9	-100000	-100000.000	-1.0
20250710 19:10	22.4	22.4	22.4	40	8.1	5	17	314	0.0	737.9	-100000	-100000.000	-1.0
20250710 19:15	23.7	23.7	23.7	38	8.5	6	18	265	0.0	737.9	-100000	-100000.000	-1.0
20250710 19:20	22.9	22.9	22.9	39	8.2	7	23	307	0.0	737.9	-100000	-100000.000	-1.0
20250710 19:25	22.7	22.7	22.7	39	8.0	5	19	13	0.0	737.9	-100000	-100000.000	-1.0
20250710 19:30	22.7	22.7	22.7	39	8.0	2	12	267	0.0	737.9	-100000	-100000.000	-1.0
20250710 19:35	23.5	23.5	23.5	38	8.4	5	17	324	0.0	737.6	-100000	-100000.000	-1.0
20250710 19:40	23.3	23.3	23.3	38	8.2	6	21	318	0.0	737.6	-100000	-100000.000	-1.0
20250710 19:45	22.8	22.8	22.8	38	7.7	6	20	309	0.0	737.6	-100000	-100000.000	-1.0
20250710 19:50	22.5	22.5	22.5	38	7.5	5	15	313	0.0	737.6	-100000	-100000.000	-1.0
20250710 19:55	23.0	23.0	23.0	39	8.3	6	19	313	0.0	737.6	-100000	-100000.000	-1.0
20250710 20:00	23.4	23.4	23.4	38	8.3	7	20	315	0.0	737.6	-100000	-100000.000	-1.0
20250710 20:05	22.8	22.8	22.8	37	7.3	6	17	318	0.0	737.6	-100000	-100000.000	-1.0
20250710 20:10	23.4	23.4	23.4	38	8.3	9	19	342	0.0	737.6	-100000	-100000.000	-1.0
20250710 20:15	22.4	22.4	22.4	39	7.7	4	15	311	0.0	737.6	-100000	-100000.000	-1.0
20250710 20:20	23.0	23.0	23.0	38	7.9	6	14	327	0.0	737.6	-100000	-100000.000	-1.0
20250710 20:25	22.7	22.7	22.7	39	8.0	10	19	349	0.0	737.6	-100000	-100000.000	-1.0
20250710 20:30	21.7	21.7	21.7	41	7.8	4	9	325	0.0	737.6	-100000	-100000.000	-1.0
20250710 20:35	21.8	21.8	21.8	42	8.3	6	16	333	0.0	737.2	-100000	-100000.000	-1.0
20250710 20:40	21.7	21.7	21.7	42	8.2	7	18	351	0.0	737.2	-100000	-100000.000	-1.0
20250710 20:45	21.5	21.5	21.5	42	8.0	6	13	329	0.0	737.2	-100000	-100000.000	-1.0
20250710 20:50	21.6	21.6	21.6	42	8.1	4	12	329	0.0	737.2	-100000	-100000.000	-1.0
20250710 20:55	21.7	21.7	21.7	42	8.2	7	16	336	0.0	737.2	-100000	-100000.000	-1.0
20250710 21:00	21.5	21.5	21.5	43	8.4	7	14	351	0.0	737.2	-100000	-100000.000	-1.0
20250710 21:05	21.5	21.5	21.5	43	8.4	8	18	352	0.0	737.2	-100000	-100000.000	-1.0
20250710 21:10	21.5	21.5	21.5	43	8.4	8	19	333	0.0	737.2	-100000	-100000.000	-1.0
20250710 21:15	21.4	21.4	21.4	43	8.3	8	22	318	0.0	737.2	-100000	-100000.000	-1.0
20250710 21:20	21.2	21.2	21.2	43	8.1	8	15	336	0.0	737.2	-100000	-100000.000	-1.0
20250710 21:25	21.3	21.3	21.3	44	8.5	6	18	333	0.0	737.2	-100000	-100000.000	-1.0
20250710 21:30	21.5	21.5	21.5	44	8.7	5	11	322	0.0	736.9	-100000	-100000.000	-1.0
20250710 21:35	22.0	22.0	22.0	44	9.2	7	18	316	0.0	736.9	-100000	-100000.000	-1.0
20250710 21:40	22.0	22.0	22.0	45	9.5	8	19	340	0.0	736.9	-100000	-100000.000	-1.0
20250710 21:45	22.3	22.3	22.3	43	9.1	9	23	329	0.0	736.9	-100000	-100000.000	-1.0
20250710 21:50	22.6	22.6	22.6	42	9.0	10	21	338	0.0	736.9	-100000	-100000.000	-1.0
20250710 21:55	22.9	22.9	22.9	47	11.0	10	24	325	0.0	736.9	-100000	-100000.000	-1.0
20250710 22:00	22.2	22.2	22.2	50	11.2	9	23	318	0.0	736.9	-100000	-100000.000	-1.0
20250710 22:05	21.9	21.9	21.9	54	12.2	11	26	340	0.0	736.9	-100000	-100000.000	-1.0
20250710 22:10	19.5	19.5	19.5	66	13.0	14	29	345	0.1	736.9	-100000	-100000.000	-1.0
20250710 22:15	17.4	17.4	17.4	76	13.1	15	32	358	0.6	736.9	-100000	-100000.000	-1.0
20250710 22:20	15.1	15.1	15.1	86	12.7	13	24	0	1.4	736.9	-100000	-100000.000	-1.0
20250710 22:25	15.3	15.3	15.3	74	10.7	7	15	10	2.1	736.9	-100000	-100000.000	-1.0
20250710 22:30	15.9	15.9	15.9	76	11.7	7	12	54	0.8	736.9	-100000	-100000.000	-1.0
20250710 22:35	16.9	16.9	16.9	63	9.8	6	12	358	0.3	736.5	-100000	-100000.000	-1.0
20250710 22:40	17.0	17.0	17.0	68	11.0	9	13	342	0.1	736.5	-100000	-100000.000	-1.0
20250710 22:45	16.8	16.8	16.8	68	10.8	7	12	351	0.1	736.9	-100000	-100000.000	-1.0
20250710 22:50	16.9	16.9	16.9	60	9.1	5	12	338	0.0	736.9	-100000	-100000.000	-1.0
20250710 22:55	17.2	17.2	17.2	65	10.5	4	6	343	0.0	736.9	-100000	-100000.000	-1.0
20250710 23:00	17.4	17.4	17.4	62	10.0	5	9	343	0.0	736.9	-100000	-100000.000	-1.0
20250710 23:05	17.5	17.5	17.5	59	9.4	4	9	334	0.0	736.9	-100000	-100000.000	-1.0
20250710 23:10	17.6	17.6	17.6	60	9.7	4	10	313	0.0	736.9	-100000	-100000.000	-1.0
20250710 23:15	17.6	17.6	17.6	58	9.2	3	8	297	0.0	736.5	-100000	-100000.000	-1.0
20250710 23:20	17.7	17.7	17.7	56	8.8	2	8	228	0.0	736.5	-100000	-100000.000	-1.0
20250710 23:25	17.7	17.7	17.7	56	8.8	2	5	255	0.0	736.5	-100000	-100000.000	-1.0
20250710 23:30	17.6	17.6	17.6	55	8.4	2	6	234	0.0	736.5	-100000	-100000.000	-1.0
20250710 23:35	17.6	17.6	17.6	55	8.4	3	9	248	0.0	736.2	-100000	-100000.000	-1.0
20250710 23:40	17.7	17.7	17.7	55	8.5	4	10	221	0.0	736.2	-100000	-100000.000	-1.0
20250710 23:45	17.8	17.8	17.8	54	8.3	2	8	217	0.0	736.2	-100000	-100000.000	-1.0
20250710 23:50	17.8	17.8	17.8	56	8.9	3	11	212	0.0	736.2	-100000	-100000.000	-1.0
20250710 23:55	17.9	17.9	17.9	54	8.4	4	12	248	0.0	736.2	-100000	-100000.000	-1.0
