--Timestamp---	Temp	Chill	HIndex	Humid	Dewpt	 Wind 	HiWind	WindDir	Rain 	Barom	Solar	 ET  	 UV 
--------------	----	-----	------	-----	-----	------	------	-------	-----	-----	-----	-----	----
20250705 00:00	16.3	16.3	16.3	46	4.6	10	23	345	0.0	735.5	-100000	-100000.000	-1.0
20250705 00:05	16.3	16.3	16.3	45	4.3	10	24	352	0.0	735.5	-100000	-100000.000	-1.0
20250705 00:10	16.3	16.3	16.3	47	4.9	10	23	351	0.0	735.5	-100000	-100000.000	-1.0
20250705 00:15	16.2	16.2	16.2	48	5.1	12	23	345	0.0	735.5	-100000	-100000.000	-1.0
20250705 00:20	16.1	16.1	16.1	48	5.0	8	23	334	0.0	735.5	-100000	-100000.000	-1.0
20250705 00:25	16.2	16.2	16.2	49	5.4	11	28	3	0.0	735.5	-100000	-100000.000	-1.0
20250705 00:30	16.1	16.1	16.1	49	5.3	10	24	349	0.0	735.5	-100000	-100000.000	-1.0
20250705 00:35	16.0	16.0	16.0	49	5.3	9	23	0	0.0	735.5	-100000	-100000.000	-1.0
20250705 00:40	15.9	15.9	15.9	51	5.8	9	21	352	0.0	735.5	-100000	-100000.000	-1.0
20250705 00:45	15.8	15.8	15.8	50	5.4	9	19	347	0.0	735.5	-100000	-100000.000	-1.0
20250705 00:50	15.8	15.8	15.8	51	5.7	9	20	338	0.0	735.5	-100000	-100000.000	-1.0
20250705 00:55	15.8	15.8	15.8	52	5.9	8	20	347	0.0	735.5	-100000	-100000.000	-1.0
20250705 01:00	15.9	15.9	15.9	52	6.0	12	23	347	0.0	735.5	-100000	-100000.000	-1.0
20250705 01:05	15.4	15.4	15.4	53	5.9	10	22	1	0.0	735.5	-100000	-100000.000	-1.0
20250705 01:10	15.4	15.4	15.4	53	5.9	9	20	347	0.0	735.5	-100000	-100000.000	-1.0
20250705 01:15	15.3	15.3	15.3	54	6.0	9	19	351	0.0	735.5	-100000	-100000.000	-1.0
20250705 01:20	15.3	15.3	15.3	53	5.8	10	19	351	0.0	735.5	-100000	-100000.000	-1.0
20250705 01:25	15.2	15.2	15.2	54	5.9	8	18	333	0.0	735.5	-100000	-100000.000	-1.0
20250705 01:30	15.4	15.4	15.4	53	5.9	8	26	333	0.0	735.5	-100000	-100000.000	-1.0
20250705 01:35	15.4	15.4	15.4	54	6.1	8	17	336	0.0	735.5	-100000	-100000.000	-1.0
20250705 01:40	15.2	15.2	15.2	55	6.2	6	17	334	0.0	735.5	-100000	-100000.000	-1.0
20250705 01:45	15.2	15.2	15.2	56	6.4	8	14	343	0.0	735.5	-100000	-100000.000	-1.0
20250705 01:50	15.0	15.0	15.0	57	6.5	9	20	342	0.0	735.5	-100000	-100000.000	-1.0
20250705 01:55	14.8	14.8	14.8	58	6.6	9	17	342	0.0	735.5	-100000	-100000.000	-1.0
20250705 02:00	14.7	14.7	14.7	58	6.5	8	17	333	0.0	735.5	-100000	-100000.000	-1.0
20250705 02:05	14.6	14.6	14.6	59	6.6	9	17	342	0.0	735.5	-100000	-100000.000	-1.0
20250705 02:10	14.4	14.4	14.4	59	6.5	8	14	336	0.0	735.5	-100000	-100000.000	-1.0
20250705 02:15	14.4	14.4	14.4	59	6.5	6	12	333	0.0	735.5	-100000	-100000.000	-1.0
20250705 02:20	14.3	14.3	14.3	61	6.9	6	14	336	0.0	735.5	-100000	-100000.000	-1.0
20250705 02:25	14.2	14.2	14.2	61	6.8	4	9	343	0.0	735.5	-100000	-100000.000	-1.0
20250705 02:30	14.2	14.2	14.2	61	6.8	4	9	338	0.0	735.5	-100000	-100000.000	-1.0
20250705 02:35	14.1	14.1	14.1	61	6.6	4	8	331	0.0	735.5	-100000	-100000.000	-1.0
20250705 02:40	14.1	14.1	14.1	56	5.4	3	7	318	0.0	735.5	-100000	-100000.000	-1.0
20250705 02:45	14.0	14.0	14.0	48	3.2	3	7	324	0.0	735.5	-100000	-100000.000	-1.0
20250705 02:50	13.9	13.9	13.9	46	2.5	4	7	340	0.0	735.5	-100000	-100000.000	-1.0
20250705 02:55	13.8	13.8	13.8	46	2.4	2	5	320	0.0	735.5	-100000	-100000.000	-1.0
20250705 03:00	13.7	13.7	13.7	47	2.6	1	4	288	0.0	735.5	-100000	-100000.000	-1.0
20250705 03:05	13.6	13.6	13.6	46	2.2	1	3	302	0.0	735.9	-100000	-100000.000	-1.0
20250705 03:10	13.5	13.5	13.5	47	2.4	2	5	309	0.0	735.9	-100000	-100000.000	-1.0
20250705 03:15	13.5	13.5	13.5	46	2.1	1	2	261	0.0	735.9	-100000	-100000.000	-1.0
20250705 03:20	13.3	13.3	13.3	50	3.1	0	2	253	0.0	735.9	-100000	-100000.000	-1.0
20250705 03:25	13.2	13.2	13.2	51	3.3	1	2	300	0.0	735.9	-100000	-100000.000	-1.0
20250705 03:30	12.9	12.9	12.9	50	2.7	0	1	312	0.0	735.9	-100000	-100000.000	-1.0
20250705 03:35	12.8	12.8	12.8	53	3.4	0	1	255	0.0	735.9	-100000	-100000.000	-1.0
20250705 03:40	12.7	12.7	12.7	55	3.9	1	2	261	0.0	735.9	-100000	-100000.000	-1.0
20250705 03:45	12.6	12.6	12.6	50	2.4	1	3	239	0.0	735.9	-100000	-100000.000	-1.0
20250705 03:50	12.7	12.7	12.7	46	1.3	1	3	257	0.0	735.9	-100000	-100000.000	-1.0
20250705 03:55	12.7	12.7	12.7	48	1.9	1	4	241	0.0	735.9	-100000	-100000.000	-1.0
20250705 04:00	12.7	12.7	12.7	51	2.8	3	5	210	0.0	735.9	-100000	-100000.000	-1.0
20250705 04:05	12.9	12.9	12.9	49	2.4	3	5	201	0.0	735.9	-100000	-100000.000	-1.0
20250705 04:10	12.9	12.9	12.9	48	2.1	4	7	203	0.0	735.9	-100000	-100000.000	-1.0
20250705 04:15	13.0	13.0	13.0	47	1.9	4	7	203	0.0	736.2	-100000	-100000.000	-1.0
20250705 04:20	13.1	13.1	13.1	47	2.0	2	6	214	0.0	736.2	-100000	-100000.000	-1.0
20250705 04:25	13.0	13.0	13.0	48	2.2	5	8	198	0.0	736.2	-100000	-100000.000	-1.0
20250705 04:30	13.1	13.1	13.1	47	2.0	5	9	203	0.0	736.2	-100000	-100000.000	-1.0
20250705 04:35	13.0	13.0	13.0	46	1.6	6	10	198	0.0	736.2	-100000	-100000.000	-1.0
20250705 04:40	13.1	13.1	13.1	45	1.4	6	9	198	0.0	736.2	-100000	-100000.000	-1.0
20250705 04:45	13.0	13.0	13.0	46	1.6	6	11	201	0.0	736.2	-100000	-100000.000	-1.0
20250705 04:50	13.1	13.1	13.1	48	2.3	6	10	198	0.0	736.2	-100000	-100000.000	-1.0
20250705 04:55	13.2	13.2	13.2	48	2.4	6	9	201	0.0	736.2	-100000	-100000.000	-1.0
20250705 05:00	13.2	13.2	13.2	48	2.4	6	10	208	0.0	736.2	-100000	-100000.000	-1.0
20250705 05:05	13.2	13.2	13.2	48	2.4	7	11	198	0.0	736.2	-100000	-100000.000	-1.0
20250705 05:10	13.1	13.1	13.1	49	2.6	6	10	199	0.0	736.2	-100000	-100000.000	-1.0
20250705 05:15	13.1	13.1	13.1	48	2.3	7	10	198	0.0	736.2	-100000	-100000.000	-1.0
20250705 05:20	13.0	13.0	13.0	46	1.6	8	11	198	0.0	736.2	-100000	-100000.000	-1.0
20250705 05:25	12.9	12.9	12.9	47	1.8	8	11	198	0.0	736.2	-100000	-100000.000	-1.0
20250705 05:30	12.9	12.9	12.9	47	1.8	8	12	198	0.0	736.2	-100000	-100000.000	-1.0
20250705 05:35	12.9	12.9	12.9	49	2.4	8	12	198	0.0	736.2	-100000	-100000.000	-1.0
20250705 05:40	12.9	12.9	12.9	48	2.1	7	10	198	0.0	736.2	-100000	-100000.000	-1.0
20250705 05:45	12.9	12.9	12.9	49	2.4	7	10	198	0.0	736.5	-100000	-100000.000	-1.0
20250705 05:50	12.8	12.8	12.8	49	2.3	6	10	198	0.0	736.5	-100000	-100000.000	-1.0
20250705 05:55	12.9	12.9	12.9	50	2.7	8	11	198	0.0	736.5	-100000	-100000.000	-1.0
20250705 06:00	12.9	12.9	12.9	50	2.7	8	11	196	0.0	736.5	-100000	-100000.000	-1.0
20250705 06:05	12.9	12.9	12.9	51	3.0	8	10	198	0.0	736.5	-100000	-100000.000	-1.0
20250705 06:10	12.9	12.9	12.9	51	3.0	8	10	198	0.0	736.5	-100000	-100000.000	-1.0
20250705 06:15	12.9	12.9	12.9	50	2.7	9	11	198	0.0	736.5	-100000	-100000.000	-1.0
20250705 06:20	12.8	12.8	12.8	51	2.9	9	12	198	0.0	736.5	-100000	-100000.000	-1.0
20250705 06:25	12.8	12.8	12.8	51	2.9	9	12	198	0.0	736.5	-100000	-100000.000	-1.0
20250705 06:30	12.8	12.8	12.8	51	2.9	8	11	198	0.0	736.5	-100000	-100000.000	-1.0
20250705 06:35	12.7	12.7	12.7	51	2.8	9	14	198	0.0	736.5	-100000	-100000.000	-1.0
20250705 06:40	12.7	12.7	12.7	52	3.1	10	14	198	0.0	736.5	-100000	-100000.000	-1.0
20250705 06:45	12.7	12.7	12.7	52	3.1	9	11	198	0.0	736.5	-100000	-100000.000	-1.0
20250705 06:50	12.7	12.7	12.7	52	3.1	10	12	198	0.0	736.5	-100000	-100000.000	-1.0
20250705 06:55	12.5	12.5	12.5	52	2.9	11	15	198	0.0	736.2	-100000	-100000.000	-1.0
20250705 07:00	12.5	12.5	12.5	53	3.2	11	14	198	0.0	736.2	-100000	-100000.000	-1.0
20250705 07:05	12.6	12.6	12.6	53	3.2	11	14	185	0.0	736.2	-100000	-100000.000	-1.0
20250705 07:10	12.4	12.4	12.4	54	3.3	11	15	180	0.0	736.2	-100000	-100000.000	-1.0
20250705 07:15	12.4	12.4	12.4	53	3.1	11	14	180	0.0	736.2	-100000	-100000.000	-1.0
20250705 07:20	12.3	12.3	12.3	53	3.0	11	14	180	0.0	736.2	-100000	-100000.000	-1.0
20250705 07:25	12.3	12.3	12.3	53	3.0	11	16	181	0.0	736.2	-100000	-100000.000	-1.0
20250705 07:30	12.3	12.3	12.3	52	2.7	10	15	180	0.0	736.2	-100000	-100000.000	-1.0
20250705 07:35	12.3	12.3	12.3	51	2.4	9	13	180	0.0	736.2	-100000	-100000.000	-1.0
20250705 07:40	12.3	12.3	12.3	51	2.4	10	14	180	0.0	736.2	-100000	-100000.000	-1.0
20250705 07:45	12.4	12.4	12.4	51	2.5	10	15	187	0.0	736.2	-100000	-100000.000	-1.0
20250705 07:50	12.4	12.4	12.4	51	2.5	10	14	180	0.0	736.2	-100000	-100000.000	-1.0
20250705 07:55	12.4	12.4	12.4	51	2.5	10	13	180	0.0	736.2	-100000	-100000.000	-1.0
20250705 08:00	12.3	12.3	12.3	52	2.7	9	13	180	0.0	736.2	-100000	-100000.000	-1.0
20250705 08:05	12.2	12.2	12.2	53	2.9	9	15	180	0.0	736.2	-100000	-100000.000	-1.0
20250705 08:10	12.2	12.2	12.2	53	2.9	10	13	180	0.0	736.2	-100000	-100000.000	-1.0
20250705 08:15	12.2	12.2	12.2	52	2.6	9	13	180	0.0	736.2	-100000	-100000.000	-1.0
20250705 08:20	12.3	12.3	12.3	51	2.4	9	13	180	0.0	736.2	-100000	-100000.000	-1.0
20250705 08:25	12.3	12.3	12.3	51	2.4	9	13	180	0.0	736.2	-100000	-100000.000	-1.0
20250705 08:30	12.4	12.4	12.4	49	2.0	9	12	180	0.0	736.2	-100000	-100000.000	-1.0
20250705 08:35	12.4	12.4	12.4	49	2.0	10	13	180	0.0	736.2	-100000	-100000.000	-1.0
20250705 08:40	12.5	12.5	12.5	49	2.1	10	14	180	0.0	735.9	-100000	-100000.000	-1.0
20250705 08:45	12.3	12.3	12.3	49	1.9	10	13	180	0.0	735.9	-100000	-100000.000	-1.0
20250705 08:50	12.3	12.3	12.3	49	1.9	9	13	180	0.0	735.9	-100000	-100000.000	-1.0
20250705 08:55	12.3	12.3	12.3	47	1.3	10	13	180	0.0	735.9	-100000	-100000.000	-1.0
20250705 09:00	12.3	12.3	12.3	47	1.3	10	13	180	0.0	735.9	-100000	-100000.000	-1.0
20250705 09:05	12.5	12.5	12.5	45	0.9	9	12	180	0.0	735.9	-100000	-100000.000	-1.0
20250705 09:10	12.5	12.5	12.5	45	0.9	9	11	180	0.0	735.9	-100000	-100000.000	-1.0
20250705 09:15	12.6	12.6	12.6	43	0.3	9	11	180	0.0	735.9	-100000	-100000.000	-1.0
20250705 09:20	12.6	12.6	12.6	43	0.3	10	13	180	0.0	735.9	-100000	-100000.000	-1.0
20250705 09:25	12.6	12.6	12.6	44	0.6	10	14	174	0.0	735.9	-100000	-100000.000	-1.0
20250705 09:30	12.7	12.7	12.7	44	0.7	11	16	163	0.0	735.9	-100000	-100000.000	-1.0
20250705 09:35	12.8	12.8	12.8	44	0.8	10	15	162	0.0	735.9	-100000	-100000.000	-1.0
20250705 09:40	12.8	12.8	12.8	44	0.8	10	15	162	0.0	735.9	-100000	-100000.000	-1.0
20250705 09:45	12.8	12.8	12.8	43	0.5	11	17	162	0.0	735.9	-100000	-100000.000	-1.0
20250705 09:50	12.9	12.9	12.9	42	0.3	10	14	167	0.0	735.9	-100000	-100000.000	-1.0
20250705 09:55	12.8	12.8	12.8	42	0.2	10	15	162	0.0	735.9	-100000	-100000.000	-1.0
20250705 10:00	12.9	12.9	12.9	41	-0.0	11	17	162	0.0	735.9	-100000	-100000.000	-1.0
20250705 10:05	13.1	13.1	13.1	41	0.1	10	14	167	0.0	735.9	-100000	-100000.000	-1.0
20250705 10:10	13.0	13.0	13.0	41	0.1	11	15	167	0.0	735.9	-100000	-100000.000	-1.0
20250705 10:15	12.9	12.9	12.9	41	-0.0	10	15	167	0.0	735.9	-100000	-100000.000	-1.0
20250705 10:20	12.9	12.9	12.9	41	-0.0	10	16	162	0.0	735.9	-100000	-100000.000	-1.0
20250705 10:25	12.9	12.9	12.9	41	-0.0	10	14	162	0.0	735.9	-100000	-100000.000	-1.0
20250705 10:30	13.0	13.0	13.0	40	-0.3	11	16	162	0.0	735.9	-100000	-100000.000	-1.0
20250705 10:35	13.1	13.1	13.1	40	-0.2	11	16	162	0.0	735.5	-100000	-100000.000	-1.0
20250705 10:40	13.0	13.0	13.0	40	-0.3	11	18	162	0.0	735.5	-100000	-100000.000	-1.0
20250705 10:45	13.0	13.0	13.0	40	-0.3	12	19	162	0.0	735.5	-100000	-100000.000	-1.0
20250705 10:50	13.0	13.0	13.0	40	-0.3	9	16	158	0.0	735.9	-100000	-100000.000	-1.0
20250705 10:55	12.9	12.9	12.9	41	-0.0	9	15	153	0.0	735.9	-100000	-100000.000	-1.0
20250705 11:00	12.9	12.9	12.9	43	0.6	6	10	149	0.0	735.9	-100000	-100000.000	-1.0
20250705 11:05	12.8	12.8	12.8	46	1.4	7	15	154	0.0	735.9	-100000	-100000.000	-1.0
20250705 11:10	12.8	12.8	12.8	46	1.4	7	15	151	0.0	735.9	-100000	-100000.000	-1.0
20250705 11:15	12.7	12.7	12.7	47	1.6	8	12	153	0.0	735.9	-100000	-100000.000	-1.0
20250705 11:20	12.7	12.7	12.7	48	1.9	8	14	162	0.0	735.9	-100000	-100000.000	-1.0
20250705 11:25	12.8	12.8	12.8	47	1.7	8	13	163	0.0	735.9	-100000	-100000.000	-1.0
20250705 11:30	12.7	12.7	12.7	45	1.0	9	15	160	0.0	735.9	-100000	-100000.000	-1.0
20250705 11:35	12.8	12.8	12.8	44	0.8	8	14	153	0.0	735.9	-100000	-100000.000	-1.0
20250705 11:40	12.8	12.8	12.8	43	0.5	8	14	151	0.0	735.9	-100000	-100000.000	-1.0
20250705 11:45	12.9	12.9	12.9	43	0.6	8	15	144	0.0	735.9	-100000	-100000.000	-1.0
20250705 11:50	12.9	12.9	12.9	43	0.6	8	13	149	0.0	735.9	-100000	-100000.000	-1.0
20250705 11:55	12.9	12.9	12.9	43	0.6	7	14	153	0.0	735.9	-100000	-100000.000	-1.0
20250705 12:00	12.8	12.8	12.8	43	0.5	8	19	162	0.0	735.9	-100000	-100000.000	-1.0
20250705 12:05	12.9	12.9	12.9	42	0.3	11	19	162	0.0	735.9	-100000	-100000.000	-1.0
20250705 12:10	12.9	12.9	12.9	42	0.3	11	18	162	0.0	735.9	-100000	-100000.000	-1.0
20250705 12:15	12.9	12.9	12.9	42	0.3	9	17	162	0.0	735.9	-100000	-100000.000	-1.0
20250705 12:20	12.9	12.9	12.9	42	0.3	10	15	160	0.0	735.9	-100000	-100000.000	-1.0
20250705 12:25	12.9	12.9	12.9	43	0.6	8	14	162	0.0	735.9	-100000	-100000.000	-1.0
20250705 12:30	12.8	12.8	12.8	45	1.1	7	12	147	0.0	735.9	-100000	-100000.000	-1.0
20250705 12:35	12.8	12.8	12.8	46	1.4	6	10	149	0.0	735.9	-100000	-100000.000	-1.0
20250705 12:40	12.7	12.7	12.7	47	1.6	5	9	142	0.0	735.9	-100000	-100000.000	-1.0
20250705 12:45	12.7	12.7	12.7	48	1.9	6	11	154	0.0	735.9	-100000	-100000.000	-1.0
20250705 12:50	12.7	12.7	12.7	47	1.6	8	12	162	0.0	735.9	-100000	-100000.000	-1.0
20250705 12:55	12.7	12.7	12.7	48	1.9	11	17	162	0.0	735.9	-100000	-100000.000	-1.0
20250705 13:00	12.8	12.8	12.8	46	1.4	11	16	167	0.1	735.9	-100000	-100000.000	-1.0
20250705 13:05	12.9	12.9	12.9	44	0.9	11	16	162	0.0	736.2	-100000	-100000.000	-1.0
20250705 13:10	12.9	12.9	12.9	43	0.6	11	17	162	0.0	736.2	-100000	-100000.000	-1.0
20250705 13:15	12.9	12.9	12.9	43	0.6	10	14	163	0.0	736.2	-100000	-100000.000	-1.0
20250705 13:20	12.9	12.9	12.9	43	0.6	10	16	162	0.0	736.2	-100000	-100000.000	-1.0
20250705 13:25	12.9	12.9	12.9	42	0.3	10	16	165	0.0	736.2	-100000	-100000.000	-1.0
20250705 13:30	12.9	12.9	12.9	42	0.3	11	16	162	0.0	736.2	-100000	-100000.000	-1.0
20250705 13:35	12.9	12.9	12.9	42	0.3	9	14	163	0.0	736.2	-100000	-100000.000	-1.0
20250705 13:40	13.1	13.1	13.1	41	0.1	9	14	163	0.0	736.2	-100000	-100000.000	-1.0
20250705 13:45	13.2	13.2	13.2	44	1.2	6	10	156	0.0	736.2	-100000	-100000.000	-1.0
20250705 13:50	13.2	13.2	13.2	46	1.8	5	10	154	0.0	736.2	-100000	-100000.000	-1.0
20250705 13:55	13.3	13.3	13.3	47	2.2	7	14	151	0.0	736.2	-100000	-100000.000	-1.0
20250705 14:00	13.5	13.5	13.5	47	2.4	6	11	171	0.0	736.5	-100000	-100000.000	-1.0
20250705 14:05	13.6	13.6	13.6	46	2.2	3	9	145	0.0	736.5	-100000	-100000.000	-1.0
20250705 14:10	13.8	13.8	13.8	45	2.0	3	7	156	0.0	736.5	-100000	-100000.000	-1.0
20250705 14:15	14.1	14.1	14.1	45	2.3	2	4	181	0.0	736.5	-100000	-100000.000	-1.0
20250705 14:20	14.4	14.4	14.4	46	2.9	2	4	192	0.0	736.5	-100000	-100000.000	-1.0
20250705 14:25	14.7	14.7	14.7	45	2.9	3	6	198	0.0	736.5	-100000	-100000.000	-1.0
20250705 14:30	14.8	14.8	14.8	44	2.6	3	5	180	0.0	736.9	-100000	-100000.000	-1.0
20250705 14:35	14.7	14.7	14.7	44	2.5	2	4	192	0.0	736.9	-100000	-100000.000	-1.0
20250705 14:40	15.2	15.2	15.2	44	3.0	2	5	207	0.0	736.9	-100000	-100000.000	-1.0
20250705 14:45	15.3	15.3	15.3	43	2.8	2	5	196	0.0	736.9	-100000	-100000.000	-1.0
20250705 14:50	15.4	15.4	15.4	43	2.9	2	4	187	0.0	736.9	-100000	-100000.000	-1.0
20250705 14:55	15.8	15.8	15.8	43	3.2	2	5	306	0.0	736.9	-100000	-100000.000	-1.0
20250705 15:00	16.3	16.3	16.3	43	3.7	3	7	9	0.0	736.9	-100000	-100000.000	-1.0
20250705 15:05	16.1	16.1	16.1	45	4.1	2	8	357	0.0	736.9	-100000	-100000.000	-1.0
20250705 15:10	16.5	16.5	16.5	44	4.2	2	7	354	0.0	736.9	-100000	-100000.000	-1.0
20250705 15:15	16.2	16.2	16.2	44	3.9	4	10	338	0.0	736.9	-100000	-100000.000	-1.0
20250705 15:20	16.0	16.0	16.0	44	3.7	5	14	23	0.0	736.9	-100000	-100000.000	-1.0
20250705 15:25	15.4	15.4	15.4	45	3.5	5	10	9	0.0	736.9	-100000	-100000.000	-1.0
20250705 15:30	15.4	15.4	15.4	45	3.5	3	8	349	0.0	736.9	-100000	-100000.000	-1.0
20250705 15:35	15.8	15.8	15.8	44	3.5	5	11	9	0.0	736.9	-100000	-100000.000	-1.0
20250705 15:40	16.0	16.0	16.0	44	3.7	3	8	12	0.0	736.9	-100000	-100000.000	-1.0
20250705 15:45	16.4	16.4	16.4	43	3.8	6	15	349	0.0	736.9	-100000	-100000.000	-1.0
20250705 15:50	16.1	16.1	16.1	43	3.5	5	12	22	0.0	736.9	-100000	-100000.000	-1.0
20250705 15:55	16.2	16.2	16.2	43	3.6	7	16	30	0.0	736.9	-100000	-100000.000	-1.0
20250705 16:00	15.8	15.8	15.8	43	3.2	8	18	9	0.0	736.9	-100000	-100000.000	-1.0
20250705 16:05	15.7	15.7	15.7	43	3.1	6	15	349	0.0	736.9	-100000	-100000.000	-1.0
20250705 16:10	16.1	16.1	16.1	43	3.5	7	13	356	0.0	736.9	-100000	-100000.000	-1.0
20250705 16:15	16.1	16.1	16.1	42	3.1	7	15	10	0.0	736.9	-100000	-100000.000	-1.0
20250705 16:20	15.9	15.9	15.9	43	3.3	6	13	351	0.0	736.9	-100000	-100000.000	-1.0
20250705 16:25	16.2	16.2	16.2	42	3.2	8	16	358	0.0	736.9	-100000	-100000.000	-1.0
20250705 16:30	16.1	16.1	16.1	42	3.1	7	14	9	0.0	736.9	-100000	-100000.000	-1.0
20250705 16:35	16.0	16.0	16.0	42	3.1	9	18	1	0.0	736.9	-100000	-100000.000	-1.0
20250705 16:40	15.9	15.9	15.9	42	3.0	9	18	358	0.0	736.9	-100000	-100000.000	-1.0
20250705 16:45	15.9	15.9	15.9	42	3.0	10	19	351	0.0	736.9	-100000	-100000.000	-1.0
20250705 16:50	15.5	15.5	15.5	42	2.6	10	19	1	0.0	736.9	-100000	-100000.000	-1.0
20250705 16:55	15.5	15.5	15.5	42	2.6	10	19	358	0.0	736.9	-100000	-100000.000	-1.0
20250705 17:00	15.8	15.8	15.8	42	2.9	10	17	0	0.0	736.9	-100000	-100000.000	-1.0
20250705 17:05	15.7	15.7	15.7	42	2.8	11	22	9	0.0	736.9	-100000	-100000.000	-1.0
20250705 17:10	15.4	15.4	15.4	42	2.5	10	22	5	0.0	736.9	-100000	-100000.000	-1.0
20250705 17:15	15.3	15.3	15.3	42	2.4	8	16	343	0.0	736.9	-100000	-100000.000	-1.0
20250705 17:20	15.8	15.8	15.8	42	2.9	6	14	18	0.0	736.9	-100000	-100000.000	-1.0
20250705 17:25	15.6	15.6	15.6	41	2.4	8	17	0	0.0	736.9	-100000	-100000.000	-1.0
20250705 17:30	16.1	16.1	16.1	41	2.8	9	22	25	0.0	736.9	-100000	-100000.000	-1.0
20250705 17:35	15.7	15.7	15.7	41	2.5	10	19	12	0.0	736.9	-100000	-100000.000	-1.0
20250705 17:40	15.8	15.8	15.8	41	2.6	11	21	19	0.0	736.9	-100000	-100000.000	-1.0
20250705 17:45	15.9	15.9	15.9	41	2.7	8	16	3	0.0	736.9	-100000	-100000.000	-1.0
20250705 17:50	16.4	16.4	16.4	40	2.8	8	14	10	0.0	736.9	-100000	-100000.000	-1.0
20250705 17:55	16.4	16.4	16.4	40	2.8	7	15	356	0.0	736.9	-100000	-100000.000	-1.0
20250705 18:00	16.7	16.7	16.7	39	2.6	11	26	5	0.0	736.9	-100000	-100000.000	-1.0
20250705 18:05	16.4	16.4	16.4	39	2.4	11	21	342	0.0	736.9	-100000	-100000.000	-1.0
20250705 18:10	16.0	16.0	16.0	40	2.4	12	23	0	0.0	736.9	-100000	-100000.000	-1.0
20250705 18:15	15.9	15.9	15.9	40	2.3	9	18	30	0.0	737.2	-100000	-100000.000	-1.0
20250705 18:20	15.9	15.9	15.9	40	2.3	9	16	352	0.0	737.2	-100000	-100000.000	-1.0
20250705 18:25	16.3	16.3	16.3	39	2.3	11	22	0	0.0	736.9	-100000	-100000.000	-1.0
20250705 18:30	16.4	16.4	16.4	39	2.4	10	20	3	0.0	737.2	-100000	-100000.000	-1.0
20250705 18:35	16.4	16.4	16.4	39	2.4	12	20	352	0.0	737.2	-100000	-100000.000	-1.0
20250705 18:40	16.0	16.0	16.0	39	2.0	11	21	12	0.0	737.2	-100000	-100000.000	-1.0
20250705 18:45	16.3	16.3	16.3	39	2.3	10	21	0	0.0	737.2	-100000	-100000.000	-1.0
20250705 18:50	16.1	16.1	16.1	39	2.1	12	22	356	0.0	737.2	-100000	-100000.000	-1.0
20250705 18:55	16.0	16.0	16.0	39	2.0	9	21	6	0.0	737.2	-100000	-100000.000	-1.0
20250705 19:00	16.1	16.1	16.1	38	1.7	10	18	14	0.0	737.2	-100000	-100000.000	-1.0
20250705 19:05	16.4	16.4	16.4	38	2.0	10	21	1	0.0	737.2	-100000	-100000.000	-1.0
20250705 19:10	16.6	16.6	16.6	37	1.8	11	19	0	0.0	737.2	-100000	-100000.000	-1.0
20250705 19:15	16.3	16.3	16.3	38	1.9	10	18	356	0.0	737.2	-100000	-100000.000	-1.0
20250705 19:20	16.1	16.1	16.1	38	1.7	11	19	352	0.0	737.2	-100000	-100000.000	-1.0
20250705 19:25	16.2	16.2	16.2	37	1.5	11	22	19	0.0	737.2	-100000	-100000.000	-1.0
20250705 19:30	16.5	16.5	16.5	37	1.8	9	17	23	0.0	737.2	-100000	-100000.000	-1.0
20250705 19:35	16.5	16.5	16.5	37	1.8	10	26	358	0.0	737.2	-100000	-100000.000	-1.0
20250705 19:40	16.4	16.4	16.4	37	1.7	10	19	352	0.0	737.2	-100000	-100000.000	-1.0
20250705 19:45	16.7	16.7	16.7	36	1.5	8	20	358	0.0	737.2	-100000	-100000.000	-1.0
20250705 19:50	16.5	16.5	16.5	37	1.8	8	17	18	0.0	737.2	-100000	-100000.000	-1.0
20250705 19:55	16.5	16.5	16.5	36	1.4	9	18	28	0.0	737.2	-100000	-100000.000	-1.0
20250705 20:00	17.0	17.0	17.0	36	1.8	9	16	342	0.0	737.2	-100000	-100000.000	-1.0
20250705 20:05	17.1	17.1	17.1	36	1.9	12	24	3	0.0	736.9	-100000	-100000.000	-1.0
20250705 20:10	16.5	16.5	16.5	36	1.4	11	21	1	0.0	736.9	-100000	-100000.000	-1.0
20250705 20:15	16.5	16.5	16.5	36	1.4	11	25	354	0.0	736.9	-100000	-100000.000	-1.0
20250705 20:20	16.9	16.9	16.9	36	1.7	12	26	354	0.0	736.9	-100000	-100000.000	-1.0
20250705 20:25	16.7	16.7	16.7	36	1.5	9	23	351	0.0	736.9	-100000	-100000.000	-1.0
20250705 20:30	17.1	17.1	17.1	36	1.9	10	21	354	0.0	736.9	-100000	-100000.000	-1.0
20250705 20:35	17.2	17.2	17.2	36	2.0	11	24	3	0.0	736.9	-100000	-100000.000	-1.0
20250705 20:40	16.8	16.8	16.8	36	1.6	10	25	358	0.0	736.9	-100000	-100000.000	-1.0
20250705 20:45	17.2	17.2	17.2	36	2.0	11	19	349	0.0	736.9	-100000	-100000.000	-1.0
20250705 20:50	17.0	17.0	17.0	36	1.8	10	21	0	0.0	736.9	-100000	-100000.000	-1.0
20250705 20:55	16.7	16.7	16.7	37	1.9	8	17	16	0.0	736.9	-100000	-100000.000	-1.0
20250705 21:00	17.4	17.4	17.4	36	2.2	12	21	9	0.0	736.9	-100000	-100000.000	-1.0
20250705 21:05	16.7	16.7	16.7	37	1.9	9	23	27	0.0	736.9	-100000	-100000.000	-1.0
20250705 21:10	17.1	17.1	17.1	37	2.2	9	23	354	0.0	736.9	-100000	-100000.000	-1.0
20250705 21:15	17.4	17.4	17.4	37	2.5	12	28	349	0.0	736.9	-100000	-100000.000	-1.0
20250705 21:20	17.1	17.1	17.1	38	2.6	10	22	352	0.0	736.5	-100000	-100000.000	-1.0
20250705 21:25	17.3	17.3	17.3	38	2.8	10	22	0	0.0	736.5	-100000	-100000.000	-1.0
20250705 21:30	17.8	17.8	17.8	40	4.0	11	25	0	0.0	736.5	-100000	-100000.000	-1.0
20250705 21:35	17.4	17.4	17.4	40	3.6	8	16	7	0.0	736.5	-100000	-100000.000	-1.0
20250705 21:40	17.9	17.9	17.9	40	4.1	7	20	9	0.0	736.5	-100000	-100000.000	-1.0
20250705 21:45	17.9	17.9	17.9	41	4.4	11	23	349	0.0	736.5	-100000	-100000.000	-1.0
20250705 21:50	17.4	17.4	17.4	42	4.3	12	21	1	0.0	736.5	-100000	-100000.000	-1.0
20250705 21:55	17.2	17.2	17.2	44	4.8	9	24	349	0.0	736.5	-100000	-100000.000	-1.0
20250705 22:00	17.8	17.8	17.8	43	5.0	11	22	7	0.0	736.5	-100000	-100000.000	-1.0
20250705 22:05	17.4	17.4	17.4	44	5.0	9	19	357	0.0	736.5	-100000	-100000.000	-1.0
20250705 22:10	17.1	17.1	17.1	47	5.7	11	23	349	0.0	736.5	-100000	-100000.000	-1.0
20250705 22:15	17.4	17.4	17.4	46	5.6	10	21	0	0.0	736.5	-100000	-100000.000	-1.0
20250705 22:20	17.6	17.6	17.6	45	5.5	8	20	12	0.0	736.2	-100000	-100000.000	-1.0
20250705 22:25	17.5	17.5	17.5	46	5.7	11	21	0	0.0	736.2	-100000	-100000.000	-1.0
20250705 22:30	17.5	17.5	17.5	46	5.7	9	23	343	0.0	736.2	-100000	-100000.000	-1.0
20250705 22:35	18.2	18.2	18.2	46	6.4	10	23	351	0.0	736.2	-100000	-100000.000	-1.0
20250705 22:40	17.6	17.6	17.6	47	6.1	11	24	354	0.0	736.2	-100000	-100000.000	-1.0
20250705 22:45	17.4	17.4	17.4	47	6.0	10	21	0	0.0	736.2	-100000	-100000.000	-1.0
20250705 22:50	17.6	17.6	17.6	47	6.1	10	22	351	0.0	736.2	-100000	-100000.000	-1.0
20250705 22:55	17.7	17.7	17.7	47	6.2	7	20	340	0.0	736.2	-100000	-100000.000	-1.0
20250705 23:00	18.6	18.6	18.6	46	6.7	10	25	351	0.0	735.9	-100000	-100000.000	-1.0
20250705 23:05	17.3	17.3	17.3	48	6.2	9	25	347	0.0	735.9	-100000	-100000.000	-1.0
20250705 23:10	17.9	17.9	17.9	48	6.7	8	23	340	0.0	735.9	-100000	-100000.000	-1.0
20250705 23:15	17.6	17.6	17.6	48	6.4	12	23	334	0.0	735.9	-100000	-100000.000	-1.0
20250705 23:20	17.9	17.9	17.9	48	6.7	11	24	345	0.0	735.9	-100000	-100000.000	-1.0
20250705 23:25	17.7	17.7	17.7	48	6.5	11	23	0	0.0	735.9	-100000	-100000.000	-1.0
20250705 23:30	17.4	17.4	17.4	49	6.6	10	29	342	0.0	735.9	-100000	-100000.000	-1.0
20250705 23:35	17.5	17.5	17.5	50	7.0	10	21	345	0.0	735.9	-100000	-100000.000	-1.0
20250705 23:40	17.5	17.5	17.5	51	7.2	12	25	356	0.0	735.9	-100000	-100000.000	-1.0
20250705 23:45	17.1	17.1	17.1	52	7.1	12	24	354	0.0	735.5	-100000	-100000.000	-1.0
20250705 23:50	16.8	16.8	16.8	54	7.4	12	25	0	0.0	735.5	-100000	-100000.000	-1.0
20250705 23:55	16.5	16.5	16.5	54	7.2	10	23	354	0.0	735.5	-100000	-100000.000	-1.0
