--Timestamp---	Temp	Chill	HIndex	Humid	Dewpt	 Wind 	HiWind	WindDir	Rain 	Barom	Solar	 ET  	 UV 
--------------	----	-----	------	-----	-----	------	------	-------	-----	-----	-----	-----	----
20250920 00:00	13.3	13.3	13.3	86	11.0	10	14	174	0.0	731.9	-100000	-100000.000	-1.0
20250920 00:05	13.3	13.3	13.3	86	10.9	11	19	172	0.0	731.9	-100000	-100000.000	-1.0
20250920 00:10	13.4	13.4	13.4	83	10.6	10	23	180	0.0	732.0	-100000	-100000.000	-1.0
20250920 00:15	13.3	13.3	13.3	82	10.3	10	16	176	0.0	731.9	-100000	-100000.000	-1.0
20250920 00:20	13.3	13.3	13.3	86	11.1	8	15	194	0.0	731.9	-100000	-100000.000	-1.0
20250920 00:25	13.7	13.7	13.7	87	11.5	8	16	190	0.0	732.1	-100000	-100000.000	-1.0
20250920 00:30	13.9	13.9	13.9	85	11.4	9	16	190	0.0	732.1	-100000	-100000.000	-1.0
20250920 00:35	13.8	13.8	13.8	86	11.5	9	16	183	0.0	731.9	-100000	-100000.000	-1.0
20250920 00:40	13.8	13.8	13.8	82	10.7	10	17	183	0.0	731.8	-100000	-100000.000	-1.0
20250920 00:45	13.5	13.5	13.5	81	10.4	11	20	180	0.0	731.9	-100000	-100000.000	-1.0
20250920 00:50	13.4	13.4	13.4	84	10.8	7	16	189	0.0	732.0	-100000	-100000.000	-1.0
20250920 00:55	13.4	13.4	13.4	81	10.3	10	17	183	0.0	732.1	-100000	-100000.000	-1.0
20250920 01:00	13.2	13.2	13.2	83	10.5	10	18	185	0.0	732.1	-100000	-100000.000	-1.0
20250920 01:05	13.1	13.1	13.1	86	10.7	10	16	181	0.0	731.9	-100000	-100000.000	-1.0
20250920 01:10	12.9	12.9	12.9	84	10.4	11	20	180	0.0	732.0	-100000	-100000.000	-1.0
20250920 01:15	12.7	12.7	12.7	86	10.4	12	21	181	0.0	732.1	-100000	-100000.000	-1.0
20250920 01:20	12.5	12.5	12.5	90	10.8	12	21	183	0.0	732.1	-100000	-100000.000	-1.0
20250920 01:25	12.5	12.5	12.5	91	11.1	12	20	180	0.0	732.1	-100000	-100000.000	-1.0
20250920 01:30	12.4	12.4	12.4	92	11.1	11	17	180	0.0	732.1	-100000	-100000.000	-1.0
20250920 01:35	12.1	12.1	12.1	94	11.2	11	16	181	0.0	732.1	-100000	-100000.000	-1.0
20250920 01:40	12.0	12.0	12.0	95	11.2	11	17	180	0.0	732.0	-100000	-100000.000	-1.0
20250920 01:45	11.9	11.9	11.9	96	11.3	9	17	181	0.0	731.9	-100000	-100000.000	-1.0
20250920 01:50	11.8	11.8	11.8	96	11.2	10	16	180	0.0	731.9	-100000	-100000.000	-1.0
20250920 01:55	11.7	11.7	11.7	96	11.1	11	17	172	0.0	731.8	-100000	-100000.000	-1.0
20250920 02:00	11.5	11.5	11.5	96	11.0	12	18	178	0.0	732.0	-100000	-100000.000	-1.0
20250920 02:05	11.4	11.4	11.4	97	11.0	12	18	176	0.0	732.1	-100000	-100000.000	-1.0
20250920 02:10	11.4	11.4	11.4	97	10.9	12	18	178	0.0	732.0	-100000	-100000.000	-1.0
20250920 02:15	11.3	11.3	11.3	98	10.9	13	21	176	0.0	731.9	-100000	-100000.000	-1.0
20250920 02:20	11.2	11.2	11.2	98	10.9	14	23	174	0.0	731.8	-100000	-100000.000	-1.0
20250920 02:25	11.2	11.2	11.2	99	11.0	14	20	176	0.0	732.0	-100000	-100000.000	-1.0
20250920 02:30	11.1	11.1	11.1	100	11.1	14	21	174	0.0	732.1	-100000	-100000.000	-1.0
20250920 02:35	11.1	11.1	11.1	100	11.0	14	21	176	0.0	732.1	-100000	-100000.000	-1.0
20250920 02:40	11.0	11.0	11.0	100	11.0	15	22	174	0.0	732.1	-100000	-100000.000	-1.0
20250920 02:45	11.0	11.0	11.0	98	10.7	16	22	174	0.0	732.1	-100000	-100000.000	-1.0
20250920 02:50	11.0	11.0	11.0	98	10.8	17	23	178	0.0	732.1	-100000	-100000.000	-1.0
20250920 02:55	11.0	11.0	11.0	97	10.5	17	24	178	0.0	732.1	-100000	-100000.000	-1.0
20250920 03:00	11.0	11.0	11.0	98	10.8	17	25	180	0.0	732.1	-100000	-100000.000	-1.0
20250920 03:05	10.9	10.9	10.9	98	10.7	17	26	180	0.0	732.2	-100000	-100000.000	-1.0
20250920 03:10	10.9	10.9	10.9	97	10.4	18	26	178	0.0	732.3	-100000	-100000.000	-1.0
20250920 03:15	11.0	11.0	11.0	96	10.4	18	26	180	0.0	732.4	-100000	-100000.000	-1.0
20250920 03:20	11.0	11.0	11.0	95	10.2	18	25	180	0.0	732.5	-100000	-100000.000	-1.0
20250920 03:25	11.0	11.0	11.0	94	10.1	18	26	180	0.0	732.5	-100000	-100000.000	-1.0
20250920 03:30	11.0	11.0	11.0	93	9.9	18	25	178	0.0	732.5	-100000	-100000.000	-1.0
20250920 03:35	11.1	11.1	11.1	92	9.7	18	24	180	0.0	732.5	-100000	-100000.000	-1.0
20250920 03:40	11.1	11.1	11.1	91	9.6	18	25	180	0.0	732.5	-100000	-100000.000	-1.0
20250920 03:45	11.2	11.2	11.2	89	9.4	17	25	180	0.0	732.5	-100000	-100000.000	-1.0
20250920 03:50	11.2	11.2	11.2	88	9.3	18	25	180	0.0	732.5	-100000	-100000.000	-1.0
20250920 03:55	11.3	11.3	11.3	87	9.2	18	23	180	0.0	732.5	-100000	-100000.000	-1.0
20250920 04:00	11.3	11.3	11.3	87	9.2	18	23	180	0.0	732.5	-100000	-100000.000	-1.0
20250920 04:05	11.3	11.3	11.3	87	9.1	18	25	176	0.0	732.5	-100000	-100000.000	-1.0
20250920 04:10	11.3	11.3	11.3	86	9.1	18	24	178	0.0	732.6	-100000	-100000.000	-1.0
20250920 04:15	11.4	11.4	11.4	86	9.1	19	27	171	0.0	732.8	-100000	-100000.000	-1.0
20250920 04:20	11.4	11.4	11.4	86	9.1	18	26	176	0.0	732.8	-100000	-100000.000	-1.0
20250920 04:25	11.4	11.4	11.4	85	8.9	18	23	176	0.0	732.8	-100000	-100000.000	-1.0
20250920 04:30	11.5	11.5	11.5	83	8.8	17	25	176	0.0	732.8	-100000	-100000.000	-1.0
20250920 04:35	11.7	11.7	11.7	83	8.9	18	27	172	0.0	732.8	-100000	-100000.000	-1.0
20250920 04:40	11.9	11.9	11.9	83	9.1	17	23	178	0.0	732.9	-100000	-100000.000	-1.0
20250920 04:45	12.1	12.1	12.1	84	9.4	17	26	178	0.0	732.9	-100000	-100000.000	-1.0
20250920 04:50	12.2	12.2	12.2	84	9.5	16	24	180	0.0	733.0	-100000	-100000.000	-1.0
20250920 04:55	12.3	12.3	12.3	83	9.5	16	21	180	0.0	733.0	-100000	-100000.000	-1.0
20250920 05:00	12.4	12.4	12.4	83	9.6	16	24	174	0.0	733.2	-100000	-100000.000	-1.0
20250920 05:05	12.4	12.4	12.4	84	9.7	16	23	176	0.0	733.1	-100000	-100000.000	-1.0
20250920 05:10	12.4	12.4	12.4	84	9.8	16	23	167	0.0	733.2	-100000	-100000.000	-1.0
20250920 05:15	12.4	12.4	12.4	84	9.8	14	23	180	0.0	733.2	-100000	-100000.000	-1.0
20250920 05:20	12.4	12.4	12.4	84	9.7	14	21	176	0.0	733.2	-100000	-100000.000	-1.0
20250920 05:25	12.3	12.3	12.3	84	9.7	14	20	172	0.0	733.2	-100000	-100000.000	-1.0
20250920 05:30	12.2	12.2	12.2	84	9.5	14	20	171	0.0	733.2	-100000	-100000.000	-1.0
20250920 05:35	12.2	12.2	12.2	84	9.6	15	22	169	0.0	733.2	-100000	-100000.000	-1.0
20250920 05:40	12.2	12.2	12.2	84	9.5	15	23	172	0.0	733.2	-100000	-100000.000	-1.0
20250920 05:45	12.2	12.2	12.2	82	9.1	14	23	174	0.0	733.2	-100000	-100000.000	-1.0
20250920 05:50	12.1	12.1	12.1	80	8.8	14	22	180	0.0	733.2	-100000	-100000.000	-1.0
20250920 05:55	12.2	12.2	12.2	78	8.6	15	26	178	0.0	733.2	-100000	-100000.000	-1.0
20250920 06:00	12.3	12.3	12.3	77	8.3	15	22	176	0.0	733.2	-100000	-100000.000	-1.0
20250920 06:05	12.3	12.3	12.3	76	8.2	14	22	180	0.0	733.2	-100000	-100000.000	-1.0
20250920 06:10	12.2	12.2	12.2	76	8.0	14	22	178	0.0	733.2	-100000	-100000.000	-1.0
20250920 06:15	12.2	12.2	12.2	74	7.8	15	20	180	0.0	733.2	-100000	-100000.000	-1.0
20250920 06:20	12.2	12.2	12.2	74	7.6	15	23	176	0.0	733.2	-100000	-100000.000	-1.0
20250920 06:25	12.3	12.3	12.3	73	7.5	16	23	171	0.0	733.2	-100000	-100000.000	-1.0
20250920 06:30	12.4	12.4	12.4	72	7.5	17	24	174	0.0	733.2	-100000	-100000.000	-1.0
20250920 06:35	12.4	12.4	12.4	72	7.6	16	24	174	0.0	733.2	-100000	-100000.000	-1.0
20250920 06:40	12.3	12.3	12.3	73	7.7	16	26	176	0.0	733.2	-100000	-100000.000	-1.0
20250920 06:45	12.3	12.3	12.3	74	7.7	15	24	176	0.0	733.2	-100000	-100000.000	-1.0
20250920 06:50	12.2	12.2	12.2	74	7.7	14	22	180	0.0	733.3	-100000	-100000.000	-1.0
20250920 06:55	12.1	12.1	12.1	75	7.7	14	20	178	0.0	733.3	-100000	-100000.000	-1.0
20250920 07:00	12.0	12.0	12.0	77	8.0	15	25	180	0.0	733.2	-100000	-100000.000	-1.0
20250920 07:05	11.9	11.9	11.9	77	8.0	16	24	180	0.0	733.2	-100000	-100000.000	-1.0
20250920 07:10	11.9	11.9	11.9	78	8.1	16	24	180	0.0	733.2	-100000	-100000.000	-1.0
20250920 07:15	11.9	11.9	11.9	77	8.0	17	28	176	0.0	733.2	-100000	-100000.000	-1.0
20250920 07:20	11.9	11.9	11.9	78	8.2	17	26	174	0.0	733.2	-100000	-100000.000	-1.0
20250920 07:25	11.9	11.9	11.9	78	8.2	17	25	176	0.0	733.2	-100000	-100000.000	-1.0
20250920 07:30	11.9	11.9	11.9	79	8.3	18	28	174	0.0	733.2	-100000	-100000.000	-1.0
20250920 07:35	11.8	11.8	11.8	79	8.3	17	28	178	0.0	733.2	-100000	-100000.000	-1.0
20250920 07:40	11.8	11.8	11.8	80	8.4	17	27	180	0.0	733.2	-100000	-100000.000	-1.0
20250920 07:45	11.8	11.8	11.8	80	8.4	18	26	178	0.0	733.2	-100000	-100000.000	-1.0
20250920 07:50	11.9	11.9	11.9	79	8.4	18	29	180	0.0	733.2	-100000	-100000.000	-1.0
20250920 07:55	12.0	12.0	12.0	81	8.8	18	27	180	0.0	733.2	-100000	-100000.000	-1.0
20250920 08:00	12.0	12.0	12.0	81	8.9	18	27	178	0.0	733.2	-100000	-100000.000	-1.0
20250920 08:05	12.0	12.0	12.0	83	9.2	17	24	180	0.0	733.2	-100000	-100000.000	-1.0
20250920 08:10	11.9	11.9	11.9	82	9.0	16	22	180	0.0	733.2	-100000	-100000.000	-1.0
20250920 08:15	11.9	11.9	11.9	83	9.0	17	26	172	0.0	733.1	-100000	-100000.000	-1.0
20250920 08:20	11.9	11.9	11.9	84	9.2	17	26	174	0.0	733.2	-100000	-100000.000	-1.0
20250920 08:25	11.9	11.9	11.9	84	9.3	17	28	180	0.0	733.1	-100000	-100000.000	-1.0
20250920 08:30	11.9	11.9	11.9	84	9.3	16	23	180	0.0	733.2	-100000	-100000.000	-1.0
20250920 08:35	11.8	11.8	11.8	84	9.2	17	24	180	0.0	733.2	-100000	-100000.000	-1.0
20250920 08:40	11.8	11.8	11.8	85	9.4	17	23	180	0.0	733.1	-100000	-100000.000	-1.0
20250920 08:45	11.8	11.8	11.8	86	9.5	17	25	180	0.0	733.1	-100000	-100000.000	-1.0
20250920 08:50	11.9	11.9	11.9	86	9.6	19	31	176	0.0	732.8	-100000	-100000.000	-1.0
20250920 08:55	11.9	11.9	11.9	86	9.6	17	25	180	0.0	733.1	-100000	-100000.000	-1.0
20250920 09:00	11.8	11.8	11.8	86	9.6	17	25	178	0.0	733.1	-100000	-100000.000	-1.0
20250920 09:05	11.8	11.8	11.8	87	9.7	17	27	180	0.0	733.1	-100000	-100000.000	-1.0
20250920 09:10	11.7	11.7	11.7	88	9.7	17	25	180	0.0	733.0	-100000	-100000.000	-1.0
20250920 09:15	11.7	11.7	11.7	88	9.7	17	25	180	0.0	732.9	-100000	-100000.000	-1.0
20250920 09:20	11.7	11.7	11.7	88	9.7	17	26	180	0.0	732.9	-100000	-100000.000	-1.0
20250920 09:25	11.6	11.6	11.6	88	9.7	17	27	180	0.0	732.8	-100000	-100000.000	-1.0
20250920 09:30	11.6	11.6	11.6	88	9.7	17	26	180	0.0	732.8	-100000	-100000.000	-1.0
20250920 09:35	11.5	11.5	11.5	89	9.7	16	25	180	0.0	732.8	-100000	-100000.000	-1.0
20250920 09:40	11.6	11.6	11.6	88	9.7	17	26	178	0.0	732.8	-100000	-100000.000	-1.0
20250920 09:45	11.5	11.5	11.5	88	9.6	17	23	180	0.0	732.8	-100000	-100000.000	-1.0
20250920 09:50	11.6	11.6	11.6	88	9.6	16	25	180	0.0	732.8	-100000	-100000.000	-1.0
20250920 09:55	11.6	11.6	11.6	88	9.6	16	23	180	0.0	732.8	-100000	-100000.000	-1.0
20250920 10:00	11.6	11.6	11.6	88	9.6	17	25	180	0.0	732.8	-100000	-100000.000	-1.0
20250920 10:05	11.6	11.6	11.6	87	9.5	17	26	180	0.0	732.8	-100000	-100000.000	-1.0
20250920 10:10	11.6	11.6	11.6	86	9.4	18	30	180	0.0	732.5	-100000	-100000.000	-1.0
20250920 10:15	11.6	11.6	11.6	86	9.4	17	26	180	0.0	732.5	-100000	-100000.000	-1.0
20250920 10:20	11.6	11.6	11.6	86	9.3	18	27	180	0.0	732.5	-100000	-100000.000	-1.0
20250920 10:25	11.5	11.5	11.5	86	9.3	17	26	180	0.0	732.5	-100000	-100000.000	-1.0
20250920 10:30	11.5	11.5	11.5	86	9.2	19	27	180	0.0	732.5	-100000	-100000.000	-1.0
20250920 10:35	11.5	11.5	11.5	86	9.2	18	24	180	0.0	732.7	-100000	-100000.000	-1.0
20250920 10:40	11.5	11.5	11.5	87	9.4	18	28	180	0.0	732.6	-100000	-100000.000	-1.0
20250920 10:45	11.5	11.5	11.5	87	9.4	18	30	180	0.0	732.5	-100000	-100000.000	-1.0
20250920 10:50	11.5	11.5	11.5	85	9.1	18	28	180	0.0	732.6	-100000	-100000.000	-1.0
20250920 10:55	11.5	11.5	11.5	82	8.6	17	28	180	0.0	732.5	-100000	-100000.000	-1.0
20250920 11:00	11.5	11.5	11.5	84	8.9	18	27	180	0.0	732.5	-100000	-100000.000	-1.0
20250920 11:05	11.4	11.4	11.4	82	8.6	17	23	180	0.0	732.5	-100000	-100000.000	-1.0
20250920 11:10	11.4	11.4	11.4	80	8.0	18	30	180	0.0	732.6	-100000	-100000.000	-1.0
20250920 11:15	11.5	11.5	11.5	77	7.7	18	26	180	0.0	732.5	-100000	-100000.000	-1.0
20250920 11:20	11.5	11.5	11.5	75	7.3	17	24	180	0.0	732.6	-100000	-100000.000	-1.0
20250920 11:25	11.5	11.5	11.5	74	7.0	17	25	180	0.0	732.7	-100000	-100000.000	-1.0
20250920 11:30	11.6	11.6	11.6	73	6.9	16	23	180	0.0	732.7	-100000	-100000.000	-1.0
20250920 11:35	11.6	11.6	11.6	73	7.0	17	24	180	0.0	732.8	-100000	-100000.000	-1.0
20250920 11:40	11.5	11.5	11.5	73	6.9	17	28	180	0.0	732.8	-100000	-100000.000	-1.0
20250920 11:45	11.5	11.5	11.5	72	6.6	18	28	180	0.0	732.8	-100000	-100000.000	-1.0
20250920 11:50	11.6	11.6	11.6	72	6.6	17	25	178	0.0	732.8	-100000	-100000.000	-1.0
20250920 11:55	11.6	11.6	11.6	72	6.6	17	25	180	0.0	732.8	-100000	-100000.000	-1.0
20250920 12:00	11.5	11.5	11.5	73	6.9	18	24	178	0.0	732.8	-100000	-100000.000	-1.0
20250920 12:05	11.5	11.5	11.5	74	7.0	17	24	178	0.0	732.8	-100000	-100000.000	-1.0
20250920 12:10	11.4	11.4	11.4	75	7.1	17	24	176	0.0	732.8	-100000	-100000.000	-1.0
20250920 12:15	11.3	11.3	11.3	77	7.3	17	25	180	0.0	732.8	-100000	-100000.000	-1.0
20250920 12:20	11.2	11.2	11.2	79	7.7	18	25	180	0.0	732.7	-100000	-100000.000	-1.0
20250920 12:25	11.1	11.1	11.1	81	8.0	18	26	174	0.0	732.8	-100000	-100000.000	-1.0
20250920 12:30	11.0	11.0	11.0	83	8.3	18	26	180	0.0	732.8	-100000	-100000.000	-1.0
20250920 12:35	10.9	10.9	10.9	86	8.6	18	24	180	0.0	732.8	-100000	-100000.000	-1.0
20250920 12:40	10.9	10.9	10.9	86	8.7	18	25	180	0.0	732.8	-100000	-100000.000	-1.0
20250920 12:45	10.9	10.9	10.9	88	9.0	18	25	180	0.0	733.0	-100000	-100000.000	-1.0
20250920 12:50	10.8	10.8	10.8	89	9.1	19	28	178	0.0	733.1	-100000	-100000.000	-1.0
20250920 12:55	10.8	10.8	10.8	90	9.2	19	29	176	0.0	733.1	-100000	-100000.000	-1.0
20250920 13:00	10.7	10.7	10.7	90	9.2	19	27	180	0.0	733.2	-100000	-100000.000	-1.0
20250920 13:05	10.6	10.6	10.6	92	9.3	20	31	176	0.0	733.2	-100000	-100000.000	-1.0
20250920 13:10	10.6	10.6	10.6	92	9.3	20	31	180	0.0	733.2	-100000	-100000.000	-1.0
20250920 13:15	10.5	10.5	10.5	93	9.4	20	28	180	0.0	733.2	-100000	-100000.000	-1.0
20250920 13:20	10.5	10.5	10.5	94	9.5	20	29	180	0.0	733.2	-100000	-100000.000	-1.0
20250920 13:25	10.5	10.5	10.5	94	9.7	21	33	174	0.0	733.2	-100000	-100000.000	-1.0
20250920 13:30	10.5	10.5	10.5	96	9.8	20	34	180	0.0	733.2	-100000	-100000.000	-1.0
20250920 13:35	10.5	10.5	10.5	97	10.0	21	34	178	0.0	733.2	-100000	-100000.000	-1.0
20250920 13:40	10.4	10.4	10.4	98	10.2	20	29	180	0.0	733.5	-100000	-100000.000	-1.0
20250920 13:45	10.4	10.4	10.4	98	10.2	22	31	180	0.0	733.5	-100000	-100000.000	-1.0
20250920 13:50	10.5	10.5	10.5	98	10.2	23	34	180	0.0	733.3	-100000	-100000.000	-1.0
20250920 13:55	10.5	10.5	10.5	97	10.0	24	38	180	0.0	733.2	-100000	-100000.000	-1.0
20250920 14:00	10.5	10.5	10.5	95	9.7	22	35	180	0.0	733.3	-100000	-100000.000	-1.0
20250920 14:05	10.5	10.5	10.5	96	9.9	22	35	180	0.0	733.3	-100000	-100000.000	-1.0
20250920 14:10	10.5	10.5	10.5	96	9.9	22	35	178	0.0	733.4	-100000	-100000.000	-1.0
20250920 14:15	10.5	10.5	10.5	96	10.0	23	38	180	0.0	733.5	-100000	-100000.000	-1.0
20250920 14:20	10.7	10.7	10.7	96	10.1	23	38	180	0.0	733.5	-100000	-100000.000	-1.0
20250920 14:25	10.8	10.8	10.8	96	10.2	22	34	180	0.0	733.5	-100000	-100000.000	-1.0
20250920 14:30	10.9	10.9	10.9	95	10.1	24	39	180	0.0	733.5	-100000	-100000.000	-1.0
20250920 14:35	11.0	11.0	11.0	95	10.2	22	35	178	0.0	733.5	-100000	-100000.000	-1.0
20250920 14:40	11.0	11.0	11.0	94	10.2	23	34	180	0.0	733.5	-100000	-100000.000	-1.0
20250920 14:45	11.1	11.1	11.1	93	10.1	24	41	180	0.0	733.5	-100000	-100000.000	-1.0
20250920 14:50	11.2	11.2	11.2	94	10.3	23	37	180	0.0	733.5	-100000	-100000.000	-1.0
20250920 14:55	11.3	11.3	11.3	94	10.4	22	36	180	0.0	733.5	-100000	-100000.000	-1.0
20250920 15:00	11.4	11.4	11.4	93	10.3	22	32	180	0.0	733.5	-100000	-100000.000	-1.0
20250920 15:05	11.6	11.6	11.6	92	10.3	20	28	180	0.0	733.5	-100000	-100000.000	-1.0
20250920 15:10	11.7	11.7	11.7	92	10.4	21	31	180	0.0	733.7	-100000	-100000.000	-1.0
20250920 15:15	11.8	11.8	11.8	91	10.3	21	34	178	0.0	733.8	-100000	-100000.000	-1.0
20250920 15:20	11.9	11.9	11.9	91	10.4	20	33	180	0.0	733.8	-100000	-100000.000	-1.0
20250920 15:25	12.1	12.1	12.1	90	10.4	19	28	180	0.0	733.8	-100000	-100000.000	-1.0
20250920 15:30	12.2	12.2	12.2	90	10.5	20	30	180	0.0	733.8	-100000	-100000.000	-1.0
20250920 15:35	12.3	12.3	12.3	89	10.5	20	34	180	0.0	733.8	-100000	-100000.000	-1.0
20250920 15:40	12.3	12.3	12.3	89	10.6	20	32	180	0.0	733.9	-100000	-100000.000	-1.0
20250920 15:45	12.4	12.4	12.4	89	10.6	20	28	176	0.0	734.1	-100000	-100000.000	-1.0
20250920 15:50	12.5	12.5	12.5	89	10.7	20	29	180	0.0	734.2	-100000	-100000.000	-1.0
20250920 15:55	12.6	12.6	12.6	89	10.8	19	27	178	0.0	734.2	-100000	-100000.000	-1.0
20250920 16:00	12.8	12.8	12.8	88	10.9	18	31	178	0.0	734.2	-100000	-100000.000	-1.0
20250920 16:05	12.7	12.7	12.7	88	10.8	18	31	180	0.0	734.2	-100000	-100000.000	-1.0
20250920 16:10	13.0	13.0	13.0	87	10.9	18	25	174	0.0	734.2	-100000	-100000.000	-1.0
20250920 16:15	13.0	13.0	13.0	87	11.0	18	26	180	0.0	734.3	-100000	-100000.000	-1.0
20250920 16:20	12.9	12.9	12.9	86	10.7	18	27	180	0.0	734.4	-100000	-100000.000	-1.0
20250920 16:25	13.0	13.0	13.0	86	10.7	16	24	180	0.0	734.5	-100000	-100000.000	-1.0
20250920 16:30	13.3	13.3	13.3	86	10.9	17	30	180	0.0	734.5	-100000	-100000.000	-1.0
20250920 16:35	13.4	13.4	13.4	84	10.8	17	31	180	0.0	734.6	-100000	-100000.000	-1.0
20250920 16:40	13.5	13.5	13.5	84	10.8	15	24	180	0.0	734.7	-100000	-100000.000	-1.0
20250920 16:45	13.7	13.7	13.7	83	10.9	16	26	180	0.0	734.8	-100000	-100000.000	-1.0
20250920 16:50	13.5	13.5	13.5	84	10.8	15	27	181	0.0	734.8	-100000	-100000.000	-1.0
20250920 16:55	13.9	13.9	13.9	82	10.9	18	28	171	0.0	734.8	-100000	-100000.000	-1.0
20250920 17:00	13.9	13.9	13.9	83	11.0	13	23	183	0.0	734.8	-100000	-100000.000	-1.0
20250920 17:05	14.5	14.5	14.5	82	11.4	14	23	174	0.0	734.8	-100000	-100000.000	-1.0
20250920 17:10	14.4	14.4	14.4	81	11.2	14	25	176	0.0	734.8	-100000	-100000.000	-1.0
20250920 17:15	14.4	14.4	14.4	80	11.0	14	27	190	0.0	734.8	-100000	-100000.000	-1.0
20250920 17:20	14.2	14.2	14.2	80	10.7	15	22	183	0.0	734.8	-100000	-100000.000	-1.0
20250920 17:25	14.5	14.5	14.5	79	10.9	15	26	176	0.0	734.8	-100000	-100000.000	-1.0
20250920 17:30	14.6	14.6	14.6	78	10.7	14	23	180	0.0	734.8	-100000	-100000.000	-1.0
20250920 17:35	14.7	14.7	14.7	77	10.7	14	23	185	0.0	734.8	-100000	-100000.000	-1.0
20250920 17:40	14.9	14.9	14.9	77	10.9	12	21	180	0.0	734.9	-100000	-100000.000	-1.0
20250920 17:45	15.2	15.2	15.2	76	10.9	12	21	180	0.0	735.0	-100000	-100000.000	-1.0
20250920 17:50	15.1	15.1	15.1	75	10.7	11	21	185	0.0	735.1	-100000	-100000.000	-1.0
20250920 17:55	15.4	15.4	15.4	73	10.7	9	19	178	0.0	735.2	-100000	-100000.000	-1.0
20250920 18:00	15.8	15.8	15.8	71	10.6	13	23	172	0.0	734.9	-100000	-100000.000	-1.0
20250920 18:05	15.9	15.9	15.9	72	11.0	9	23	180	0.0	735.0	-100000	-100000.000	-1.0
20250920 18:10	16.2	16.2	16.2	70	10.8	10	21	190	0.0	734.9	-100000	-100000.000	-1.0
20250920 18:15	15.9	15.9	15.9	72	10.9	12	23	183	0.0	735.0	-100000	-100000.000	-1.0
20250920 18:20	16.3	16.3	16.3	71	11.0	12	21	178	0.0	735.1	-100000	-100000.000	-1.0
20250920 18:25	16.1	16.1	16.1	72	10.9	9	22	196	0.0	735.0	-100000	-100000.000	-1.0
20250920 18:30	16.2	16.2	16.2	70	10.7	12	22	180	0.0	734.9	-100000	-100000.000	-1.0
20250920 18:35	16.2	16.2	16.2	69	10.6	8	19	194	0.0	734.8	-100000	-100000.000	-1.0
20250920 18:40	16.4	16.4	16.4	70	10.9	10	22	176	0.0	734.8	-100000	-100000.000	-1.0
20250920 18:45	15.9	15.9	15.9	71	10.7	12	20	178	0.0	734.8	-100000	-100000.000	-1.0
20250920 18:50	16.4	16.4	16.4	72	11.2	11	22	189	0.0	734.8	-100000	-100000.000	-1.0
20250920 18:55	16.4	16.4	16.4	70	11.0	8	22	194	0.0	734.8	-100000	-100000.000	-1.0
20250920 19:00	16.4	16.4	16.4	70	10.9	11	23	185	0.0	734.8	-100000	-100000.000	-1.0
20250920 19:05	16.2	16.2	16.2	69	10.6	8	19	201	0.0	734.8	-100000	-100000.000	-1.0
20250920 19:10	16.4	16.4	16.4	69	10.7	8	20	189	0.0	734.8	-100000	-100000.000	-1.0
20250920 19:15	16.3	16.3	16.3	70	10.9	9	20	194	0.0	734.8	-100000	-100000.000	-1.0
20250920 19:20	16.3	16.3	16.3	69	10.5	11	21	189	0.0	734.8	-100000	-100000.000	-1.0
20250920 19:25	16.2	16.2	16.2	72	11.1	12	21	180	0.0	734.8	-100000	-100000.000	-1.0
20250920 19:30	16.2	16.2	16.2	71	11.0	10	23	187	0.0	734.7	-100000	-100000.000	-1.0
20250920 19:35	16.3	16.3	16.3	72	11.1	10	24	185	0.0	734.8	-100000	-100000.000	-1.0
20250920 19:40	16.5	16.5	16.5	68	10.7	9	19	198	0.0	734.6	-100000	-100000.000	-1.0
20250920 19:45	16.5	16.5	16.5	69	10.8	10	25	180	0.0	734.5	-100000	-100000.000	-1.0
20250920 19:50	16.9	16.9	16.9	67	10.8	12	24	187	0.0	734.5	-100000	-100000.000	-1.0
20250920 19:55	16.7	16.7	16.7	70	11.2	10	23	189	0.0	734.5	-100000	-100000.000	-1.0
20250920 20:00	16.6	16.6	16.6	69	11.0	9	19	194	0.0	734.5	-100000	-100000.000	-1.0
20250920 20:05	17.6	17.6	17.6	67	11.3	7	18	194	0.0	734.5	-100000	-100000.000	-1.0
20250920 20:10	17.4	17.4	17.4	68	11.5	7	19	203	0.0	734.5	-100000	-100000.000	-1.0
20250920 20:15	17.3	17.3	17.3	69	11.6	7	21	205	0.0	734.5	-100000	-100000.000	-1.0
20250920 20:20	17.2	17.2	17.2	67	11.1	11	23	189	0.0	734.3	-100000	-100000.000	-1.0
20250920 20:25	16.6	16.6	16.6	71	11.2	7	18	208	0.0	734.4	-100000	-100000.000	-1.0
20250920 20:30	17.1	17.1	17.1	71	11.8	8	16	190	0.0	734.2	-100000	-100000.000	-1.0
20250920 20:35	17.8	17.8	17.8	67	11.5	8	19	196	0.0	734.2	-100000	-100000.000	-1.0
20250920 20:40	17.4	17.4	17.4	67	11.1	7	14	201	0.0	734.2	-100000	-100000.000	-1.0
20250920 20:45	17.3	17.3	17.3	68	11.3	5	17	199	0.0	734.2	-100000	-100000.000	-1.0
20250920 20:50	18.2	18.2	18.2	63	11.1	4	13	171	0.0	734.2	-100000	-100000.000	-1.0
20250920 20:55	18.5	18.5	18.5	65	11.7	6	15	178	0.0	734.2	-100000	-100000.000	-1.0
20250920 21:00	17.9	17.9	17.9	66	11.5	4	13	185	0.0	734.2	-100000	-100000.000	-1.0
20250920 21:05	17.5	17.5	17.5	66	11.2	4	11	201	0.0	734.2	-100000	-100000.000	-1.0
20250920 21:10	16.9	16.9	16.9	71	11.6	2	9	199	0.0	734.2	-100000	-100000.000	-1.0
20250920 21:15	17.2	17.2	17.2	70	11.6	2	12	207	0.0	734.2	-100000	-100000.000	-1.0
20250920 21:20	17.2	17.2	17.2	70	11.8	4	12	194	0.0	734.2	-100000	-100000.000	-1.0
20250920 21:25	16.9	16.9	16.9	72	11.7	3	11	212	0.0	734.2	-100000	-100000.000	-1.0
20250920 21:30	17.1	17.1	17.1	72	12.1	2	14	198	0.0	734.1	-100000	-100000.000	-1.0
20250920 21:35	17.5	17.5	17.5	73	12.7	2	14	184	0.0	733.9	-100000	-100000.000	-1.0
20250920 21:40	18.2	18.2	18.2	70	12.5	3	10	239	0.0	733.8	-100000	-100000.000	-1.0
20250920 21:45	18.1	18.1	18.1	71	12.7	4	12	198	0.0	733.8	-100000	-100000.000	-1.0
20250920 21:50	18.6	18.6	18.6	68	12.5	3	12	234	0.0	733.8	-100000	-100000.000	-1.0
20250920 21:55	19.0	19.0	19.0	65	12.2	3	11	234	0.0	733.8	-100000	-100000.000	-1.0
20250920 22:00	18.3	18.3	18.3	68	12.3	3	13	186	0.0	733.8	-100000	-100000.000	-1.0
20250920 22:05	17.5	17.5	17.5	74	12.8	3	9	187	0.0	733.8	-100000	-100000.000	-1.0
20250920 22:10	17.1	17.1	17.1	75	12.6	3	12	238	0.0	733.8	-100000	-100000.000	-1.0
20250920 22:15	17.3	17.3	17.3	73	12.4	2	11	162	0.0	733.8	-100000	-100000.000	-1.0
20250920 22:20	18.0	18.0	18.0	69	12.2	2	11	210	0.0	733.8	-100000	-100000.000	-1.0
20250920 22:25	18.4	18.4	18.4	71	13.1	3	12	336	0.0	733.8	-100000	-100000.000	-1.0
20250920 22:30	17.4	17.4	17.4	75	12.9	3	12	316	0.0	733.8	-100000	-100000.000	-1.0
20250920 22:35	16.5	16.5	16.5	78	12.7	4	12	315	0.0	733.8	-100000	-100000.000	-1.0
20250920 22:40	16.0	16.0	16.0	81	12.7	4	15	311	0.0	733.7	-100000	-100000.000	-1.0
20250920 22:45	15.8	15.8	15.8	83	13.0	4	18	306	0.0	733.6	-100000	-100000.000	-1.0
20250920 22:50	15.5	15.5	15.5	86	13.3	5	19	302	0.0	733.5	-100000	-100000.000	-1.0
20250920 22:55	15.2	15.2	15.2	86	12.8	7	19	322	0.0	733.5	-100000	-100000.000	-1.0
20250920 23:00	15.1	15.1	15.1	85	12.6	6	17	320	0.0	733.5	-100000	-100000.000	-1.0
20250920 23:05	15.1	15.1	15.1	86	12.7	5	17	315	0.0	733.5	-100000	-100000.000	-1.0
20250920 23:10	15.1	15.1	15.1	84	12.4	7	19	313	0.0	733.5	-100000	-100000.000	-1.0
20250920 23:15	15.2	15.2	15.2	83	12.4	5	19	306	0.0	733.5	-100000	-100000.000	-1.0
20250920 23:20	15.3	15.3	15.3	84	12.6	5	14	311	0.0	733.6	-100000	-100000.000	-1.0
20250920 23:25	15.4	15.4	15.4	83	12.5	5	16	311	0.0	733.5	-100000	-100000.000	-1.0
20250920 23:30	15.4	15.4	15.4	83	12.6	7	19	327	0.0	733.5	-100000	-100000.000	-1.0
20250920 23:35	15.4	15.4	15.4	85	12.9	6	16	324	0.0	733.5	-100000	-100000.000	-1.0
20250920 23:40	15.2	15.2	15.2	89	13.3	4	14	315	0.0	733.5	-100000	-100000.000	-1.0
20250920 23:45	15.5	15.5	15.5	89	13.7	6	14	329	0.0	733.5	-100000	-100000.000	-1.0
20250920 23:50	15.5	15.5	15.5	90	13.7	7	18	327	0.0	733.5	-100000	-100000.000	-1.0
20250920 23:55	15.5	15.5	15.5	94	14.6	4	12	338	0.0	733.5	-100000	-100000.000	-1.0
