--Timestamp---	Temp	Chill	HIndex	Humid	Dewpt	 Wind 	HiWind	WindDir	Rain 	Barom	Solar	 ET  	 UV 
--------------	----	-----	------	-----	-----	------	------	-------	-----	-----	-----	-----	----
20250606 00:00	11.3	11.3	11.3	80	8.0	11	19	5	0.0	728.8	-100000	-100000.000	-1.0
20250606 00:05	10.9	10.9	10.9	81	7.8	11	19	12	0.0	728.8	-100000	-100000.000	-1.0
20250606 00:10	10.9	10.9	10.9	81	7.8	7	19	345	0.0	728.8	-100000	-100000.000	-1.0
20250606 00:15	11.4	11.4	11.4	79	7.9	12	22	354	0.0	728.8	-100000	-100000.000	-1.0
20250606 00:20	11.0	11.0	11.0	79	7.5	11	22	1	0.0	728.8	-100000	-100000.000	-1.0
20250606 00:25	11.0	11.0	11.0	79	7.5	11	21	1	0.0	728.4	-100000	-100000.000	-1.0
20250606 00:30	10.7	10.7	10.7	79	7.2	13	23	7	0.0	728.4	-100000	-100000.000	-1.0
20250606 00:35	10.6	10.6	10.6	79	7.1	14	22	14	0.0	728.4	-100000	-100000.000	-1.0
20250606 00:40	10.7	10.7	10.7	78	7.0	12	22	358	0.0	728.4	-100000	-100000.000	-1.0
20250606 00:45	10.6	10.6	10.6	78	6.9	11	19	3	0.0	728.4	-100000	-100000.000	-1.0
20250606 00:50	10.6	10.6	10.6	78	6.9	10	19	10	0.0	728.4	-100000	-100000.000	-1.0
20250606 00:55	10.7	10.7	10.7	77	6.8	10	18	5	0.0	728.4	-100000	-100000.000	-1.0
20250606 01:00	10.8	10.8	10.8	76	6.7	11	17	1	0.0	728.4	-100000	-100000.000	-1.0
20250606 01:05	10.5	10.5	10.5	77	6.6	12	22	7	0.0	728.4	-100000	-100000.000	-1.0
20250606 01:10	10.4	10.4	10.4	78	6.7	11	21	0	0.0	728.4	-100000	-100000.000	-1.0
20250606 01:15	10.5	10.5	10.5	77	6.6	14	21	12	0.0	728.4	-100000	-100000.000	-1.0
20250606 01:20	10.2	10.2	10.2	78	6.5	11	19	9	0.0	728.4	-100000	-100000.000	-1.0
20250606 01:25	10.4	10.4	10.4	77	6.5	12	19	10	0.0	728.4	-100000	-100000.000	-1.0
20250606 01:30	10.3	10.3	10.3	76	6.2	11	20	7	0.0	728.4	-100000	-100000.000	-1.0
20250606 01:35	10.1	10.1	10.1	77	6.2	11	17	0	0.0	728.4	-100000	-100000.000	-1.0
20250606 01:40	10.1	10.1	10.1	76	6.0	11	18	5	0.0	728.4	-100000	-100000.000	-1.0
20250606 01:45	10.0	10.0	10.0	76	6.0	9	16	1	0.0	728.4	-100000	-100000.000	-1.0
20250606 01:50	10.0	10.0	10.0	75	5.8	10	15	14	0.0	728.8	-100000	-100000.000	-1.0
20250606 01:55	9.9	8.8	9.9	75	5.7	9	16	7	0.0	728.8	-100000	-100000.000	-1.0
20250606 02:00	9.9	8.7	9.9	75	5.7	9	14	5	0.0	728.8	-100000	-100000.000	-1.0
20250606 02:05	9.7	8.7	9.7	75	5.5	7	13	12	0.0	728.8	-100000	-100000.000	-1.0
20250606 02:10	9.8	8.6	9.8	75	5.6	9	12	14	0.0	728.8	-100000	-100000.000	-1.0
20250606 02:15	9.8	8.7	9.8	74	5.4	8	13	7	0.0	728.8	-100000	-100000.000	-1.0
20250606 02:20	9.7	8.8	9.7	75	5.5	7	13	16	0.0	728.8	-100000	-100000.000	-1.0
20250606 02:25	9.7	8.5	9.7	74	5.3	9	13	16	0.0	728.8	-100000	-100000.000	-1.0
20250606 02:30	9.6	8.9	9.6	76	5.5	6	11	21	0.0	728.8	-100000	-100000.000	-1.0
20250606 02:35	9.9	9.1	9.9	77	6.0	7	13	14	0.0	728.8	-100000	-100000.000	-1.0
20250606 02:40	9.9	9.0	9.9	77	6.0	8	16	23	0.0	728.8	-100000	-100000.000	-1.0
20250606 02:45	10.0	10.0	10.0	77	6.2	9	16	12	0.0	728.8	-100000	-100000.000	-1.0
20250606 02:50	10.1	10.1	10.1	77	6.2	9	14	14	0.0	728.8	-100000	-100000.000	-1.0
20250606 02:55	9.9	8.5	9.9	77	6.0	10	17	14	0.0	728.8	-100000	-100000.000	-1.0
20250606 03:00	9.8	7.9	9.8	77	5.9	13	23	18	0.0	728.8	-100000	-100000.000	-1.0
20250606 03:05	10.0	10.0	10.0	75	5.8	14	22	18	0.0	728.8	-100000	-100000.000	-1.0
20250606 03:10	10.1	10.1	10.1	70	4.8	13	21	12	0.0	728.8	-100000	-100000.000	-1.0
20250606 03:15	10.1	10.1	10.1	71	5.0	14	24	14	0.0	728.8	-100000	-100000.000	-1.0
20250606 03:20	10.2	10.2	10.2	65	3.9	14	25	18	0.0	728.8	-100000	-100000.000	-1.0
20250606 03:25	10.3	10.3	10.3	66	4.2	13	22	18	0.0	728.8	-100000	-100000.000	-1.0
20250606 03:30	10.3	10.3	10.3	65	4.0	13	22	3	0.0	728.8	-100000	-100000.000	-1.0
20250606 03:35	10.4	10.4	10.4	58	2.5	14	24	10	0.0	728.8	-100000	-100000.000	-1.0
20250606 03:40	10.5	10.5	10.5	57	2.3	14	24	9	0.0	728.8	-100000	-100000.000	-1.0
20250606 03:45	10.4	10.4	10.4	60	3.0	15	27	9	0.0	728.8	-100000	-100000.000	-1.0
20250606 03:50	10.5	10.5	10.5	55	1.8	15	26	9	0.0	728.8	-100000	-100000.000	-1.0
20250606 03:55	10.5	10.5	10.5	57	2.3	16	27	10	0.0	728.8	-100000	-100000.000	-1.0
20250606 04:00	10.4	10.4	10.4	57	2.2	15	25	5	0.0	728.8	-100000	-100000.000	-1.0
20250606 04:05	10.4	10.4	10.4	55	1.7	15	26	9	0.0	728.8	-100000	-100000.000	-1.0
20250606 04:10	10.4	10.4	10.4	54	1.5	17	25	16	0.0	728.8	-100000	-100000.000	-1.0
20250606 04:15	10.4	10.4	10.4	52	1.0	18	32	18	0.0	728.8	-100000	-100000.000	-1.0
20250606 04:20	10.5	10.5	10.5	50	0.5	15	29	14	0.0	729.1	-100000	-100000.000	-1.0
20250606 04:25	10.5	10.5	10.5	48	-0.0	16	29	16	0.0	729.1	-100000	-100000.000	-1.0
20250606 04:30	10.5	10.5	10.5	48	-0.0	17	29	14	0.0	729.1	-100000	-100000.000	-1.0
20250606 04:35	10.6	10.6	10.6	48	0.0	15	30	12	0.0	729.1	-100000	-100000.000	-1.0
20250606 04:40	10.6	10.6	10.6	48	0.0	16	25	14	0.0	729.1	-100000	-100000.000	-1.0
20250606 04:45	10.6	10.6	10.6	48	0.0	16	26	16	0.0	729.1	-100000	-100000.000	-1.0
20250606 04:50	10.6	10.6	10.6	48	0.0	16	27	10	0.0	729.1	-100000	-100000.000	-1.0
20250606 04:55	10.6	10.6	10.6	51	0.8	18	29	10	0.0	729.1	-100000	-100000.000	-1.0
20250606 05:00	10.6	10.6	10.6	50	0.6	17	28	12	0.0	729.1	-100000	-100000.000	-1.0
20250606 05:05	10.5	10.5	10.5	50	0.5	17	27	18	0.0	729.1	-100000	-100000.000	-1.0
20250606 05:10	10.6	10.6	10.6	51	0.8	17	27	12	0.0	729.1	-100000	-100000.000	-1.0
20250606 05:15	10.6	10.6	10.6	50	0.6	16	28	18	0.0	729.1	-100000	-100000.000	-1.0
20250606 05:20	10.6	10.6	10.6	51	0.8	17	29	14	0.0	729.4	-100000	-100000.000	-1.0
20250606 05:25	10.5	10.5	10.5	50	0.5	17	29	18	0.0	729.4	-100000	-100000.000	-1.0
20250606 05:30	10.5	10.5	10.5	50	0.5	16	27	12	0.0	729.4	-100000	-100000.000	-1.0
20250606 05:35	10.5	10.5	10.5	50	0.5	18	27	16	0.0	729.4	-100000	-100000.000	-1.0
20250606 05:40	10.5	10.5	10.5	51	0.8	16	25	16	0.0	729.4	-100000	-100000.000	-1.0
20250606 05:45	10.5	10.5	10.5	51	0.8	18	30	18	0.0	729.4	-100000	-100000.000	-1.0
20250606 05:50	10.5	10.5	10.5	51	0.8	15	25	12	0.0	729.4	-100000	-100000.000	-1.0
20250606 05:55	10.5	10.5	10.5	51	0.8	15	26	16	0.0	729.4	-100000	-100000.000	-1.0
20250606 06:00	10.4	10.4	10.4	51	0.7	16	27	14	0.0	729.4	-100000	-100000.000	-1.0
20250606 06:05	10.4	10.4	10.4	51	0.7	16	27	18	0.0	729.4	-100000	-100000.000	-1.0
20250606 06:10	10.5	10.5	10.5	51	0.8	16	27	14	0.0	729.4	-100000	-100000.000	-1.0
20250606 06:15	10.4	10.4	10.4	51	0.7	16	27	14	0.0	729.1	-100000	-100000.000	-1.0
20250606 06:20	10.5	10.5	10.5	51	0.8	15	24	16	0.0	729.1	-100000	-100000.000	-1.0
20250606 06:25	10.5	10.5	10.5	51	0.8	15	24	10	0.0	729.1	-100000	-100000.000	-1.0
20250606 06:30	10.5	10.5	10.5	50	0.5	16	24	18	0.0	729.1	-100000	-100000.000	-1.0
20250606 06:35	10.5	10.5	10.5	50	0.5	15	27	18	0.0	729.1	-100000	-100000.000	-1.0
20250606 06:40	10.5	10.5	10.5	50	0.5	14	26	14	0.0	729.1	-100000	-100000.000	-1.0
20250606 06:45	10.5	10.5	10.5	50	0.5	15	24	18	0.0	729.1	-100000	-100000.000	-1.0
20250606 06:50	10.5	10.5	10.5	50	0.5	15	25	18	0.0	729.1	-100000	-100000.000	-1.0
20250606 06:55	10.5	10.5	10.5	50	0.5	16	27	12	0.0	729.1	-100000	-100000.000	-1.0
20250606 07:00	10.5	10.5	10.5	50	0.5	16	25	18	0.0	729.1	-100000	-100000.000	-1.0
20250606 07:05	10.6	10.6	10.6	50	0.6	15	26	16	0.0	729.1	-100000	-100000.000	-1.0
20250606 07:10	10.5	10.5	10.5	50	0.5	15	25	14	0.0	729.1	-100000	-100000.000	-1.0
20250606 07:15	10.5	10.5	10.5	50	0.5	14	23	10	0.0	729.1	-100000	-100000.000	-1.0
20250606 07:20	10.5	10.5	10.5	50	0.5	14	25	14	0.0	729.1	-100000	-100000.000	-1.0
20250606 07:25	10.5	10.5	10.5	50	0.5	15	22	18	0.0	729.1	-100000	-100000.000	-1.0
20250606 07:30	10.5	10.5	10.5	50	0.5	14	23	16	0.0	729.1	-100000	-100000.000	-1.0
20250606 07:35	10.5	10.5	10.5	49	0.2	15	24	18	0.0	729.1	-100000	-100000.000	-1.0
20250606 07:40	10.5	10.5	10.5	49	0.2	14	23	18	0.0	729.1	-100000	-100000.000	-1.0
20250606 07:45	10.4	10.4	10.4	49	0.1	13	22	18	0.0	729.1	-100000	-100000.000	-1.0
20250606 07:50	10.4	10.4	10.4	49	0.1	14	22	18	0.0	729.1	-100000	-100000.000	-1.0
20250606 07:55	10.4	10.4	10.4	49	0.1	15	21	18	0.0	729.1	-100000	-100000.000	-1.0
20250606 08:00	10.4	10.4	10.4	49	0.1	15	21	18	0.0	729.1	-100000	-100000.000	-1.0
20250606 08:05	10.4	10.4	10.4	48	-0.1	15	24	16	0.0	729.1	-100000	-100000.000	-1.0
20250606 08:10	10.4	10.4	10.4	48	-0.1	15	23	16	0.0	729.1	-100000	-100000.000	-1.0
20250606 08:15	10.4	10.4	10.4	48	-0.1	16	23	18	0.0	729.1	-100000	-100000.000	-1.0
20250606 08:20	10.5	10.5	10.5	48	-0.0	16	25	18	0.0	729.1	-100000	-100000.000	-1.0
20250606 08:25	10.5	10.5	10.5	47	-0.3	16	25	18	0.0	729.1	-100000	-100000.000	-1.0
20250606 08:30	10.4	10.4	10.4	47	-0.4	15	25	18	0.0	728.8	-100000	-100000.000	-1.0
20250606 08:35	10.4	10.4	10.4	47	-0.4	16	24	18	0.0	728.8	-100000	-100000.000	-1.0
20250606 08:40	10.5	10.5	10.5	47	-0.3	17	26	16	0.0	728.8	-100000	-100000.000	-1.0
20250606 08:45	10.5	10.5	10.5	46	-0.6	17	26	14	0.0	729.1	-100000	-100000.000	-1.0
20250606 08:50	10.5	10.5	10.5	46	-0.6	16	23	18	0.0	729.1	-100000	-100000.000	-1.0
20250606 08:55	10.5	10.5	10.5	46	-0.6	15	24	14	0.0	728.8	-100000	-100000.000	-1.0
20250606 09:00	10.4	10.4	10.4	46	-0.7	16	25	18	0.0	728.8	-100000	-100000.000	-1.0
20250606 09:05	10.5	10.5	10.5	45	-0.9	15	22	18	0.0	728.8	-100000	-100000.000	-1.0
20250606 09:10	10.5	10.5	10.5	46	-0.6	16	23	14	0.0	728.8	-100000	-100000.000	-1.0
20250606 09:15	10.5	10.5	10.5	45	-0.9	16	25	18	0.0	728.8	-100000	-100000.000	-1.0
20250606 09:20	10.5	10.5	10.5	45	-0.9	15	23	16	0.0	728.8	-100000	-100000.000	-1.0
20250606 09:25	10.5	10.5	10.5	45	-0.9	14	21	18	0.0	728.8	-100000	-100000.000	-1.0
20250606 09:30	10.4	10.4	10.4	45	-1.0	15	23	18	0.0	728.8	-100000	-100000.000	-1.0
20250606 09:35	10.4	10.4	10.4	44	-1.3	16	22	18	0.0	728.8	-100000	-100000.000	-1.0
20250606 09:40	10.5	10.5	10.5	44	-1.2	15	21	18	0.0	728.8	-100000	-100000.000	-1.0
20250606 09:45	10.5	10.5	10.5	44	-1.2	15	21	18	0.0	728.8	-100000	-100000.000	-1.0
20250606 09:50	10.4	10.4	10.4	44	-1.3	14	20	18	0.0	728.8	-100000	-100000.000	-1.0
20250606 09:55	10.4	10.4	10.4	44	-1.3	14	22	16	0.0	728.8	-100000	-100000.000	-1.0
20250606 10:00	10.4	10.4	10.4	44	-1.3	15	22	18	0.0	728.8	-100000	-100000.000	-1.0
20250606 10:05	10.4	10.4	10.4	44	-1.3	14	20	18	0.0	728.8	-100000	-100000.000	-1.0
20250606 10:10	10.3	10.3	10.3	44	-1.4	15	21	18	0.0	728.8	-100000	-100000.000	-1.0
20250606 10:15	10.3	10.3	10.3	45	-1.1	15	21	18	0.0	728.8	-100000	-100000.000	-1.0
20250606 10:20	10.3	10.3	10.3	45	-1.1	15	21	18	0.0	728.8	-100000	-100000.000	-1.0
20250606 10:25	10.2	10.2	10.2	45	-1.2	15	21	18	0.0	728.8	-100000	-100000.000	-1.0
20250606 10:30	10.2	10.2	10.2	45	-1.2	14	20	18	0.0	728.8	-100000	-100000.000	-1.0
20250606 10:35	10.2	10.2	10.2	45	-1.2	15	24	18	0.0	728.8	-100000	-100000.000	-1.0
20250606 10:40	10.2	10.2	10.2	45	-1.2	16	22	18	0.0	728.4	-100000	-100000.000	-1.0
20250606 10:45	10.2	10.2	10.2	45	-1.2	17	24	18	0.0	728.4	-100000	-100000.000	-1.0
20250606 10:50	10.2	10.2	10.2	46	-0.9	16	23	18	0.0	728.8	-100000	-100000.000	-1.0
20250606 10:55	10.1	10.1	10.1	46	-1.0	16	21	18	0.0	728.8	-100000	-100000.000	-1.0
20250606 11:00	10.1	10.1	10.1	46	-1.0	16	22	18	0.0	728.8	-100000	-100000.000	-1.0
20250606 11:05	10.1	10.1	10.1	46	-1.0	16	22	18	0.0	728.8	-100000	-100000.000	-1.0
20250606 11:10	10.1	10.1	10.1	46	-1.0	15	21	18	0.0	728.8	-100000	-100000.000	-1.0
20250606 11:15	10.1	10.1	10.1	46	-1.0	14	23	18	0.0	728.8	-100000	-100000.000	-1.0
20250606 11:20	10.0	10.0	10.0	47	-0.8	14	21	18	0.0	728.8	-100000	-100000.000	-1.0
20250606 11:25	10.0	10.0	10.0	47	-0.8	14	20	18	0.0	728.8	-100000	-100000.000	-1.0
20250606 11:30	10.0	10.0	10.0	47	-0.8	14	22	18	0.0	728.8	-100000	-100000.000	-1.0
20250606 11:35	10.0	10.0	10.0	47	-0.8	15	22	18	0.0	728.8	-100000	-100000.000	-1.0
20250606 11:40	10.0	10.0	10.0	47	-0.8	16	22	18	0.0	728.8	-100000	-100000.000	-1.0
20250606 11:45	10.0	10.0	10.0	47	-0.8	13	19	14	0.0	728.8	-100000	-100000.000	-1.0
20250606 11:50	10.0	10.0	10.0	47	-0.8	13	20	16	0.0	728.8	-100000	-100000.000	-1.0
20250606 11:55	9.9	7.6	9.9	47	-0.9	16	22	18	0.0	728.8	-100000	-100000.000	-1.0
20250606 12:00	9.9	8.0	9.9	48	-0.6	13	21	16	0.0	728.8	-100000	-100000.000	-1.0
20250606 12:05	9.9	7.8	9.9	48	-0.6	15	21	18	0.0	728.8	-100000	-100000.000	-1.0
20250606 12:10	9.9	8.1	9.9	48	-0.6	13	18	18	0.0	728.8	-100000	-100000.000	-1.0
20250606 12:15	9.8	8.1	9.8	49	-0.4	12	18	18	0.0	728.8	-100000	-100000.000	-1.0
20250606 12:20	9.8	8.0	9.8	48	-0.7	12	18	18	0.0	728.8	-100000	-100000.000	-1.0
20250606 12:25	9.8	8.1	9.8	49	-0.4	12	17	18	0.0	728.8	-100000	-100000.000	-1.0
20250606 12:30	9.7	7.6	9.7	49	-0.5	14	20	18	0.0	728.8	-100000	-100000.000	-1.0
20250606 12:35	9.8	7.8	9.8	49	-0.4	14	20	18	0.0	728.8	-100000	-100000.000	-1.0
20250606 12:40	9.8	8.0	9.8	48	-0.7	13	17	18	0.0	729.1	-100000	-100000.000	-1.0
20250606 12:45	9.8	8.0	9.8	49	-0.4	12	19	18	0.0	729.1	-100000	-100000.000	-1.0
20250606 12:50	9.7	8.0	9.7	49	-0.5	12	18	18	0.0	729.1	-100000	-100000.000	-1.0
20250606 12:55	9.8	8.0	9.8	50	-0.1	13	19	18	0.0	729.1	-100000	-100000.000	-1.0
20250606 13:00	9.8	7.9	9.8	51	0.1	13	18	18	0.0	729.1	-100000	-100000.000	-1.0
20250606 13:05	9.6	7.7	9.6	53	0.4	13	18	18	0.0	729.1	-100000	-100000.000	-1.0
20250606 13:10	9.6	7.7	9.6	54	0.7	12	18	18	0.0	729.1	-100000	-100000.000	-1.0
20250606 13:15	9.6	7.9	9.6	56	1.2	12	18	14	0.0	729.1	-100000	-100000.000	-1.0
20250606 13:20	9.5	7.8	9.5	55	0.9	12	20	14	0.0	729.1	-100000	-100000.000	-1.0
20250606 13:25	9.5	7.7	9.5	55	0.9	12	19	16	0.0	729.1	-100000	-100000.000	-1.0
20250606 13:30	9.6	7.7	9.6	55	1.0	12	21	16	0.0	729.1	-100000	-100000.000	-1.0
20250606 13:35	9.7	7.8	9.7	48	-0.8	13	22	18	0.0	729.1	-100000	-100000.000	-1.0
20250606 13:40	10.1	10.1	10.1	52	0.6	14	21	12	0.0	729.1	-100000	-100000.000	-1.0
20250606 13:45	10.1	10.1	10.1	48	-0.5	14	23	14	0.0	729.1	-100000	-100000.000	-1.0
20250606 13:50	10.3	10.3	10.3	48	-0.3	13	22	10	0.0	729.1	-100000	-100000.000	-1.0
20250606 13:55	10.3	10.3	10.3	53	1.1	13	22	14	0.0	729.1	-100000	-100000.000	-1.0
20250606 14:00	10.2	10.2	10.2	51	0.5	10	22	12	0.0	729.4	-100000	-100000.000	-1.0
20250606 14:05	10.4	10.4	10.4	51	0.7	10	18	14	0.0	729.4	-100000	-100000.000	-1.0
20250606 14:10	10.4	10.4	10.4	54	1.5	10	17	10	0.0	729.4	-100000	-100000.000	-1.0
20250606 14:15	10.4	10.4	10.4	52	1.0	10	19	14	0.0	729.4	-100000	-100000.000	-1.0
20250606 14:20	10.3	10.3	10.3	55	1.6	10	20	18	0.0	729.4	-100000	-100000.000	-1.0
20250606 14:25	10.3	10.3	10.3	54	1.4	9	15	28	0.0	729.4	-100000	-100000.000	-1.0
20250606 14:30	10.6	10.6	10.6	56	2.1	9	18	23	0.0	729.4	-100000	-100000.000	-1.0
20250606 14:35	10.7	10.7	10.7	57	2.5	10	17	14	0.0	729.4	-100000	-100000.000	-1.0
20250606 14:40	10.5	10.5	10.5	59	2.8	9	15	28	0.0	729.4	-100000	-100000.000	-1.0
20250606 14:45	10.6	10.6	10.6	60	3.1	8	14	28	0.0	729.8	-100000	-100000.000	-1.0
20250606 14:50	10.6	10.6	10.6	61	3.3	7	15	39	0.0	729.8	-100000	-100000.000	-1.0
20250606 14:55	10.9	10.9	10.9	62	3.9	6	12	28	0.0	729.8	-100000	-100000.000	-1.0
20250606 15:00	11.3	11.3	11.3	61	4.0	6	13	54	0.0	729.8	-100000	-100000.000	-1.0
20250606 15:05	11.6	11.6	11.6	57	3.3	7	13	34	0.0	729.8	-100000	-100000.000	-1.0
20250606 15:10	11.5	11.5	11.5	61	4.2	6	11	36	0.0	729.8	-100000	-100000.000	-1.0
20250606 15:15	11.4	11.4	11.4	57	3.2	4	8	77	0.0	729.8	-100000	-100000.000	-1.0
20250606 15:20	12.4	12.4	12.4	38	-1.5	3	7	135	0.0	729.8	-100000	-100000.000	-1.0
20250606 15:25	13.2	13.2	13.2	38	-0.8	5	10	165	0.0	729.8	-100000	-100000.000	-1.0
20250606 15:30	13.4	13.4	13.4	31	-3.4	3	7	165	0.0	729.8	-100000	-100000.000	-1.0
20250606 15:35	13.9	13.9	13.9	26	-5.3	3	10	45	0.0	729.8	-100000	-100000.000	-1.0
20250606 15:40	13.5	13.5	13.5	56	4.9	5	10	43	0.0	730.1	-100000	-100000.000	-1.0
20250606 15:45	12.6	12.6	12.6	56	4.0	3	7	88	0.0	730.1	-100000	-100000.000	-1.0
20250606 15:50	13.1	13.1	13.1	53	3.7	2	8	203	0.0	730.1	-100000	-100000.000	-1.0
20250606 15:55	13.9	13.9	13.9	42	1.2	2	8	126	0.0	730.1	-100000	-100000.000	-1.0
20250606 16:00	14.4	14.4	14.4	48	3.5	2	6	280	0.0	730.1	-100000	-100000.000	-1.0
20250606 16:05	14.7	14.7	14.7	36	-0.2	2	6	24	0.0	730.1	-100000	-100000.000	-1.0
20250606 16:10	14.8	14.8	14.8	53	5.3	3	8	6	0.0	730.1	-100000	-100000.000	-1.0
20250606 16:15	14.6	14.6	14.6	44	2.4	2	9	201	0.0	730.1	-100000	-100000.000	-1.0
20250606 16:20	14.8	14.8	14.8	43	2.3	4	13	200	0.0	730.1	-100000	-100000.000	-1.0
20250606 16:25	15.0	15.0	15.0	33	-1.1	7	14	192	0.0	730.1	-100000	-100000.000	-1.0
20250606 16:30	14.9	14.9	14.9	33	-1.2	7	17	198	0.0	730.1	-100000	-100000.000	-1.0
20250606 16:35	14.9	14.9	14.9	30	-2.5	8	17	187	0.0	730.1	-100000	-100000.000	-1.0
20250606 16:40	15.3	15.3	15.3	28	-3.1	8	17	178	0.0	730.1	-100000	-100000.000	-1.0
20250606 16:45	15.3	15.3	15.3	30	-2.2	8	17	185	0.0	730.1	-100000	-100000.000	-1.0
20250606 16:50	15.5	15.5	15.5	30	-2.0	8	14	190	0.0	730.1	-100000	-100000.000	-1.0
20250606 16:55	15.7	15.7	15.7	30	-1.9	8	13	190	0.0	730.1	-100000	-100000.000	-1.0
20250606 17:00	15.9	15.9	15.9	29	-2.1	8	17	181	0.0	730.1	-100000	-100000.000	-1.0
20250606 17:05	16.0	16.0	16.0	32	-0.7	7	14	203	0.0	730.1	-100000	-100000.000	-1.0
20250606 17:10	16.2	16.2	16.2	29	-1.9	7	19	189	0.0	730.1	-100000	-100000.000	-1.0
20250606 17:15	16.3	16.3	16.3	28	-2.3	5	17	203	0.0	730.4	-100000	-100000.000	-1.0
20250606 17:20	16.1	16.1	16.1	29	-2.0	5	14	192	0.0	730.4	-100000	-100000.000	-1.0
20250606 17:25	15.8	15.8	15.8	51	5.7	5	11	25	0.0	730.4	-100000	-100000.000	-1.0
20250606 17:30	13.7	13.7	13.7	50	3.4	5	13	353	0.0	730.4	-100000	-100000.000	-1.0
20250606 17:35	14.1	14.1	14.1	54	4.9	4	10	319	0.0	730.4	-100000	-100000.000	-1.0
20250606 17:40	14.8	14.8	14.8	55	5.8	6	11	345	0.0	730.4	-100000	-100000.000	-1.0
20250606 17:45	14.5	14.5	14.5	57	6.1	5	11	28	0.0	730.4	-100000	-100000.000	-1.0
20250606 17:50	13.8	13.8	13.8	58	5.7	5	13	23	0.0	730.4	-100000	-100000.000	-1.0
20250606 17:55	13.9	13.9	13.9	57	5.5	7	13	0	0.0	730.4	-100000	-100000.000	-1.0
20250606 18:00	13.4	13.4	13.4	59	5.5	7	13	9	0.0	730.4	-100000	-100000.000	-1.0
20250606 18:05	13.4	13.4	13.4	60	5.8	6	14	356	0.0	730.4	-100000	-100000.000	-1.0
20250606 18:10	13.7	13.7	13.7	59	5.8	7	11	14	0.0	730.4	-100000	-100000.000	-1.0
20250606 18:15	13.3	13.3	13.3	60	5.7	7	11	12	0.0	730.8	-100000	-100000.000	-1.0
20250606 18:20	13.7	13.7	13.7	56	5.0	9	16	10	0.0	730.8	-100000	-100000.000	-1.0
20250606 18:25	12.8	12.8	12.8	61	5.4	10	17	12	0.0	730.8	-100000	-100000.000	-1.0
20250606 18:30	12.8	12.8	12.8	61	5.4	9	18	1	0.0	730.8	-100000	-100000.000	-1.0
20250606 18:35	12.9	12.9	12.9	62	5.8	8	16	349	0.0	730.8	-100000	-100000.000	-1.0
20250606 18:40	12.8	12.8	12.8	62	5.7	10	19	356	0.0	730.8	-100000	-100000.000	-1.0
20250606 18:45	12.7	12.7	12.7	62	5.6	11	19	16	0.0	730.8	-100000	-100000.000	-1.0
20250606 18:50	12.4	12.4	12.4	63	5.5	9	15	1	0.0	730.8	-100000	-100000.000	-1.0
20250606 18:55	12.6	12.6	12.6	62	5.5	10	15	7	0.0	730.8	-100000	-100000.000	-1.0
20250606 19:00	12.5	12.5	12.5	62	5.4	8	16	1	0.0	730.8	-100000	-100000.000	-1.0
20250606 19:05	12.9	12.9	12.9	62	5.8	10	18	351	0.0	730.8	-100000	-100000.000	-1.0
20250606 19:10	12.5	12.5	12.5	62	5.4	9	17	5	0.0	730.8	-100000	-100000.000	-1.0
20250606 19:15	12.5	12.5	12.5	62	5.4	8	16	7	0.0	730.8	-100000	-100000.000	-1.0
20250606 19:20	13.5	13.5	13.5	60	5.9	9	15	5	0.0	730.8	-100000	-100000.000	-1.0
20250606 19:25	13.0	13.0	13.0	61	5.7	9	18	352	0.0	730.8	-100000	-100000.000	-1.0
20250606 19:30	13.4	13.4	13.4	60	5.8	10	18	3	0.0	730.8	-100000	-100000.000	-1.0
20250606 19:35	13.1	13.1	13.1	60	5.5	12	20	9	0.0	730.8	-100000	-100000.000	-1.0
20250606 19:40	13.2	13.2	13.2	60	5.6	9	18	0	0.0	730.8	-100000	-100000.000	-1.0
20250606 19:45	13.0	13.0	13.0	60	5.4	9	16	3	0.0	730.8	-100000	-100000.000	-1.0
20250606 19:50	13.3	13.3	13.3	59	5.4	10	18	7	0.0	730.8	-100000	-100000.000	-1.0
20250606 19:55	12.8	12.8	12.8	60	5.2	10	18	21	0.0	730.8	-100000	-100000.000	-1.0
20250606 20:00	13.3	13.3	13.3	59	5.4	8	18	358	0.0	730.8	-100000	-100000.000	-1.0
20250606 20:05	13.9	13.9	13.9	57	5.5	11	21	9	0.0	730.8	-100000	-100000.000	-1.0
20250606 20:10	13.3	13.3	13.3	58	5.2	11	19	12	0.0	730.4	-100000	-100000.000	-1.0
20250606 20:15	13.1	13.1	13.1	59	5.2	10	18	14	0.0	730.8	-100000	-100000.000	-1.0
20250606 20:20	12.8	12.8	12.8	61	5.4	9	18	7	0.0	730.8	-100000	-100000.000	-1.0
20250606 20:25	13.1	13.1	13.1	58	5.0	10	19	5	0.0	730.4	-100000	-100000.000	-1.0
20250606 20:30	13.4	13.4	13.4	58	5.3	11	19	12	0.0	730.4	-100000	-100000.000	-1.0
20250606 20:35	13.2	13.2	13.2	59	5.3	11	19	9	0.0	730.8	-100000	-100000.000	-1.0
20250606 20:40	13.3	13.3	13.3	59	5.4	9	19	16	0.0	730.8	-100000	-100000.000	-1.0
20250606 20:45	13.4	13.4	13.4	58	5.3	8	17	5	0.0	730.4	-100000	-100000.000	-1.0
20250606 20:50	13.7	13.7	13.7	57	5.3	8	14	3	0.0	730.4	-100000	-100000.000	-1.0
20250606 20:55	14.2	14.2	14.2	56	5.5	8	14	27	0.0	730.4	-100000	-100000.000	-1.0
20250606 21:00	13.8	13.8	13.8	57	5.4	9	16	10	0.0	730.8	-100000	-100000.000	-1.0
20250606 21:05	13.7	13.7	13.7	57	5.3	11	19	5	0.0	730.8	-100000	-100000.000	-1.0
20250606 21:10	13.7	13.7	13.7	56	5.0	10	22	354	0.0	730.4	-100000	-100000.000	-1.0
20250606 21:15	14.0	14.0	14.0	56	5.4	11	20	9	0.0	730.8	-100000	-100000.000	-1.0
20250606 21:20	13.7	13.7	13.7	57	5.3	11	19	0	0.0	730.8	-100000	-100000.000	-1.0
20250606 21:25	13.9	13.9	13.9	56	5.3	11	20	12	0.0	730.4	-100000	-100000.000	-1.0
20250606 21:30	13.3	13.3	13.3	58	5.2	11	22	16	0.0	730.4	-100000	-100000.000	-1.0
20250606 21:35	13.2	13.2	13.2	59	5.3	10	20	7	0.0	730.4	-100000	-100000.000	-1.0
20250606 21:40	13.6	13.6	13.6	58	5.4	10	19	358	0.0	730.4	-100000	-100000.000	-1.0
20250606 21:45	13.6	13.6	13.6	59	5.7	9	16	1	0.0	730.4	-100000	-100000.000	-1.0
20250606 21:50	14.1	14.1	14.1	57	5.7	12	20	10	0.0	730.4	-100000	-100000.000	-1.0
20250606 21:55	13.7	13.7	13.7	58	5.6	10	19	3	0.0	730.4	-100000	-100000.000	-1.0
20250606 22:00	13.6	13.6	13.6	58	5.4	11	21	7	0.0	730.4	-100000	-100000.000	-1.0
20250606 22:05	13.3	13.3	13.3	59	5.4	10	21	1	0.0	730.4	-100000	-100000.000	-1.0
20250606 22:10	13.5	13.5	13.5	59	5.6	10	18	25	0.0	730.4	-100000	-100000.000	-1.0
20250606 22:15	13.4	13.4	13.4	58	5.3	11	19	12	0.0	730.4	-100000	-100000.000	-1.0
20250606 22:20	13.5	13.5	13.5	59	5.6	9	20	32	0.0	730.4	-100000	-100000.000	-1.0
20250606 22:25	13.9	13.9	13.9	58	5.8	10	20	1	0.0	730.4	-100000	-100000.000	-1.0
20250606 22:30	13.6	13.6	13.6	58	5.4	10	21	358	0.0	730.4	-100000	-100000.000	-1.0
20250606 22:35	13.5	13.5	13.5	59	5.6	9	19	19	0.0	730.4	-100000	-100000.000	-1.0
20250606 22:40	13.6	13.6	13.6	58	5.4	8	16	19	0.0	730.4	-100000	-100000.000	-1.0
20250606 22:45	13.6	13.6	13.6	58	5.4	11	19	7	0.0	730.4	-100000	-100000.000	-1.0
20250606 22:50	13.3	13.3	13.3	59	5.4	7	13	9	0.0	730.4	-100000	-100000.000	-1.0
20250606 22:55	13.4	13.4	13.4	59	5.5	7	14	349	0.0	730.4	-100000	-100000.000	-1.0
20250606 23:00	13.7	13.7	13.7	59	5.8	9	19	9	0.0	730.4	-100000	-100000.000	-1.0
20250606 23:05	13.5	13.5	13.5	58	5.4	10	17	9	0.0	730.4	-100000	-100000.000	-1.0
20250606 23:10	13.3	13.3	13.3	58	5.2	8	14	9	0.0	730.4	-100000	-100000.000	-1.0
20250606 23:15	13.4	13.4	13.4	58	5.3	7	13	18	0.0	730.4	-100000	-100000.000	-1.0
20250606 23:20	13.4	13.4	13.4	58	5.3	8	15	10	0.0	730.4	-100000	-100000.000	-1.0
20250606 23:25	13.4	13.4	13.4	57	5.0	9	15	12	0.0	730.4	-100000	-100000.000	-1.0
20250606 23:30	13.3	13.3	13.3	57	4.9	10	17	12	0.0	730.4	-100000	-100000.000	-1.0
20250606 23:35	13.2	13.2	13.2	57	4.8	8	14	7	0.0	730.4	-100000	-100000.000	-1.0
20250606 23:40	13.5	13.5	13.5	57	5.1	9	16	10	0.0	730.4	-100000	-100000.000	-1.0
20250606 23:45	13.4	13.4	13.4	57	5.0	9	16	5	0.0	730.4	-100000	-100000.000	-1.0
20250606 23:50	13.3	13.3	13.3	57	4.9	10	18	12	0.0	730.4	-100000	-100000.000	-1.0
20250606 23:55	13.3	13.3	13.3	56	4.7	10	17	5	0.0	730.4	-100000	-100000.000	-1.0
