--Timestamp---	Temp	Chill	HIndex	Humid	Dewpt	 Wind 	HiWind	WindDir	Rain 	Barom	Solar	 ET  	 UV 
--------------	----	-----	------	-----	-----	------	------	-------	-----	-----	-----	-----	----
20250603 00:00	9.7	9.2	9.7	90	8.1	6	10	3	0.0	730.4	-100000	-100000.000	-1.0
20250603 00:05	9.6	8.8	9.6	91	8.2	7	12	14	0.0	730.4	-100000	-100000.000	-1.0
20250603 00:10	9.4	8.8	9.4	92	8.2	6	10	10	0.0	730.1	-100000	-100000.000	-1.0
20250603 00:15	9.6	9.6	9.6	92	8.3	4	10	349	0.0	730.1	-100000	-100000.000	-1.0
20250603 00:20	9.8	8.9	9.8	90	8.2	7	16	354	0.0	730.1	-100000	-100000.000	-1.0
20250603 00:25	9.8	9.2	9.8	90	8.2	6	15	342	0.0	730.1	-100000	-100000.000	-1.0
20250603 00:30	9.6	9.2	9.6	91	8.2	5	12	351	0.0	730.1	-100000	-100000.000	-1.0
20250603 00:35	9.6	8.8	9.6	92	8.3	7	11	14	0.0	730.1	-100000	-100000.000	-1.0
20250603 00:40	9.6	9.3	9.6	91	8.2	5	9	352	0.0	730.1	-100000	-100000.000	-1.0
20250603 00:45	10.0	10.0	10.0	90	8.4	6	11	1	0.0	730.1	-100000	-100000.000	-1.0
20250603 00:50	10.1	10.1	10.1	90	8.5	5	11	334	0.0	730.1	-100000	-100000.000	-1.0
20250603 00:55	10.4	10.4	10.4	90	8.8	7	11	25	0.0	730.1	-100000	-100000.000	-1.0
20250603 01:00	9.8	9.3	9.8	92	8.5	6	11	14	0.0	730.1	-100000	-100000.000	-1.0
20250603 01:05	9.7	9.1	9.7	92	8.4	6	11	342	0.0	730.1	-100000	-100000.000	-1.0
20250603 01:10	10.0	10.0	10.0	91	8.6	7	14	343	0.0	730.1	-100000	-100000.000	-1.0
20250603 01:15	10.2	10.2	10.2	90	8.6	5	13	333	0.0	730.1	-100000	-100000.000	-1.0
20250603 01:20	10.8	10.8	10.8	87	8.7	6	13	320	0.0	730.1	-100000	-100000.000	-1.0
20250603 01:25	10.7	10.7	10.7	87	8.6	7	13	336	0.0	730.1	-100000	-100000.000	-1.0
20250603 01:30	10.4	10.4	10.4	88	8.5	5	12	327	0.0	730.1	-100000	-100000.000	-1.0
20250603 01:35	10.6	10.6	10.6	88	8.7	7	12	325	0.0	730.1	-100000	-100000.000	-1.0
20250603 01:40	10.5	10.5	10.5	88	8.6	5	10	325	0.0	730.1	-100000	-100000.000	-1.0
20250603 01:45	10.5	10.5	10.5	88	8.6	4	8	345	0.0	730.1	-100000	-100000.000	-1.0
20250603 01:50	10.3	10.3	10.3	88	8.4	4	8	331	0.0	730.1	-100000	-100000.000	-1.0
20250603 01:55	10.3	10.3	10.3	89	8.5	4	8	322	0.0	730.1	-100000	-100000.000	-1.0
20250603 02:00	10.5	10.5	10.5	88	8.6	7	10	329	0.0	730.1	-100000	-100000.000	-1.0
20250603 02:05	10.1	10.1	10.1	89	8.3	6	9	329	0.0	730.1	-100000	-100000.000	-1.0
20250603 02:10	10.0	10.0	10.0	89	8.3	7	11	340	0.0	730.1	-100000	-100000.000	-1.0
20250603 02:15	10.1	10.1	10.1	77	6.2	7	11	345	0.0	730.1	-100000	-100000.000	-1.0
20250603 02:20	10.4	10.4	10.4	75	6.1	6	10	342	0.0	730.1	-100000	-100000.000	-1.0
20250603 02:25	10.4	10.4	10.4	75	6.1	6	10	336	0.0	730.1	-100000	-100000.000	-1.0
20250603 02:30	10.4	10.4	10.4	75	6.1	8	15	340	0.0	730.1	-100000	-100000.000	-1.0
20250603 02:35	10.3	10.3	10.3	77	6.4	7	11	340	0.0	730.1	-100000	-100000.000	-1.0
20250603 02:40	10.1	10.1	10.1	80	6.8	8	11	347	0.0	730.1	-100000	-100000.000	-1.0
20250603 02:45	9.8	9.2	9.8	81	6.7	6	9	342	0.0	730.1	-100000	-100000.000	-1.0
20250603 02:50	9.7	8.8	9.7	83	6.9	7	11	347	0.0	730.1	-100000	-100000.000	-1.0
20250603 02:55	9.7	8.5	9.7	84	7.1	9	13	342	0.0	730.1	-100000	-100000.000	-1.0
20250603 03:00	9.6	8.2	9.6	83	6.8	9	16	340	0.0	730.4	-100000	-100000.000	-1.0
20250603 03:05	9.6	8.4	9.6	81	6.5	9	21	331	0.0	730.4	-100000	-100000.000	-1.0
20250603 03:10	9.8	8.6	9.8	76	5.7	9	15	340	0.0	730.1	-100000	-100000.000	-1.0
20250603 03:15	9.7	8.3	9.7	78	6.0	10	17	338	0.0	730.4	-100000	-100000.000	-1.0
20250603 03:20	9.7	8.5	9.7	76	5.6	8	14	338	0.0	730.4	-100000	-100000.000	-1.0
20250603 03:25	9.7	8.6	9.7	76	5.6	8	17	333	0.0	730.4	-100000	-100000.000	-1.0
20250603 03:30	9.7	8.4	9.7	75	5.5	9	14	342	0.0	730.4	-100000	-100000.000	-1.0
20250603 03:35	9.6	8.2	9.6	75	5.3	9	14	342	0.0	730.4	-100000	-100000.000	-1.0
20250603 03:40	9.5	8.0	9.5	76	5.5	10	18	343	0.0	730.4	-100000	-100000.000	-1.0
20250603 03:45	9.6	7.6	9.6	74	5.2	13	26	342	0.0	730.4	-100000	-100000.000	-1.0
20250603 03:50	10.1	10.1	10.1	69	4.6	12	24	340	0.0	730.4	-100000	-100000.000	-1.0
20250603 03:55	10.1	10.1	10.1	68	4.4	11	19	342	0.0	730.4	-100000	-100000.000	-1.0
20250603 04:00	10.1	10.1	10.1	67	4.2	9	16	342	0.0	730.4	-100000	-100000.000	-1.0
20250603 04:05	9.9	8.4	9.9	67	4.0	10	18	342	0.0	730.4	-100000	-100000.000	-1.0
20250603 04:10	10.1	10.1	10.1	67	4.2	9	18	342	0.0	730.8	-100000	-100000.000	-1.0
20250603 04:15	10.0	10.0	10.0	66	3.9	8	15	342	0.0	730.8	-100000	-100000.000	-1.0
20250603 04:20	9.9	8.8	9.9	67	4.0	9	17	340	0.0	730.8	-100000	-100000.000	-1.0
20250603 04:25	10.0	10.0	10.0	66	3.9	8	17	340	0.0	730.8	-100000	-100000.000	-1.0
20250603 04:30	10.1	10.1	10.1	66	4.0	9	18	342	0.0	730.8	-100000	-100000.000	-1.0
20250603 04:35	10.1	10.1	10.1	66	4.0	10	15	342	0.0	730.8	-100000	-100000.000	-1.0
20250603 04:40	10.0	10.0	10.0	66	3.9	9	18	347	0.0	730.8	-100000	-100000.000	-1.0
20250603 04:45	10.0	10.0	10.0	66	3.9	10	20	347	0.0	731.1	-100000	-100000.000	-1.0
20250603 04:50	10.0	10.0	10.0	67	4.2	12	21	354	0.0	730.8	-100000	-100000.000	-1.0
20250603 04:55	10.1	10.1	10.1	66	4.0	11	17	349	0.0	731.1	-100000	-100000.000	-1.0
20250603 05:00	10.1	10.1	10.1	67	4.2	13	22	347	0.0	731.1	-100000	-100000.000	-1.0
20250603 05:05	10.1	10.1	10.1	67	4.2	11	20	352	0.0	731.1	-100000	-100000.000	-1.0
20250603 05:10	10.1	10.1	10.1	68	4.4	12	20	347	0.0	731.1	-100000	-100000.000	-1.0
20250603 05:15	10.1	10.1	10.1	67	4.2	11	21	342	0.0	731.1	-100000	-100000.000	-1.0
20250603 05:20	10.0	10.0	10.0	67	4.2	10	17	0	0.0	731.1	-100000	-100000.000	-1.0
20250603 05:25	9.9	8.3	9.9	69	4.5	12	20	347	0.0	731.1	-100000	-100000.000	-1.0
20250603 05:30	9.8	8.2	9.8	68	4.2	11	21	351	0.0	731.1	-100000	-100000.000	-1.0
20250603 05:35	9.9	8.3	9.9	67	4.0	12	20	356	0.0	731.1	-100000	-100000.000	-1.0
20250603 05:40	9.9	8.4	9.9	68	4.3	11	19	342	0.0	731.1	-100000	-100000.000	-1.0
20250603 05:45	9.7	8.3	9.7	67	3.8	10	17	354	0.0	731.5	-100000	-100000.000	-1.0
20250603 05:50	9.8	8.8	9.8	67	3.9	8	16	347	0.0	731.1	-100000	-100000.000	-1.0
20250603 05:55	9.8	8.9	9.8	67	3.9	8	14	358	0.0	731.5	-100000	-100000.000	-1.0
20250603 06:00	9.8	8.4	9.8	68	4.2	10	16	349	0.0	731.5	-100000	-100000.000	-1.0
20250603 06:05	9.7	8.3	9.7	68	4.0	10	16	342	0.0	731.1	-100000	-100000.000	-1.0
20250603 06:10	9.6	8.3	9.6	67	3.7	9	15	356	0.0	731.1	-100000	-100000.000	-1.0
20250603 06:15	9.7	8.6	9.7	67	3.8	8	15	0	0.0	731.1	-100000	-100000.000	-1.0
20250603 06:20	9.6	8.7	9.6	66	3.5	7	13	0	0.0	731.1	-100000	-100000.000	-1.0
20250603 06:25	9.5	8.2	9.5	67	3.7	9	15	352	0.0	731.1	-100000	-100000.000	-1.0
20250603 06:30	9.5	8.0	9.5	66	3.5	10	16	351	0.0	731.1	-100000	-100000.000	-1.0
20250603 06:35	9.6	8.6	9.6	66	3.5	8	16	0	0.0	731.1	-100000	-100000.000	-1.0
20250603 06:40	9.5	8.5	9.5	67	3.7	8	16	0	0.0	731.1	-100000	-100000.000	-1.0
20250603 06:45	9.5	8.1	9.5	67	3.7	9	16	347	0.0	731.1	-100000	-100000.000	-1.0
20250603 06:50	9.5	8.5	9.5	68	3.9	8	13	358	0.0	731.1	-100000	-100000.000	-1.0
20250603 06:55	9.3	8.1	9.3	70	4.1	8	14	9	0.0	731.1	-100000	-100000.000	-1.0
20250603 07:00	9.3	7.8	9.3	70	4.1	10	15	14	0.0	731.1	-100000	-100000.000	-1.0
20250603 07:05	9.3	8.0	9.3	70	4.1	9	13	18	0.0	731.1	-100000	-100000.000	-1.0
20250603 07:10	9.3	7.8	9.3	69	3.9	10	13	18	0.0	730.8	-100000	-100000.000	-1.0
20250603 07:15	9.2	7.5	9.2	70	4.0	11	15	18	0.0	730.8	-100000	-100000.000	-1.0
20250603 07:20	9.2	7.6	9.2	70	4.0	10	15	18	0.0	730.8	-100000	-100000.000	-1.0
20250603 07:25	9.1	7.4	9.1	73	4.5	10	15	18	0.0	730.8	-100000	-100000.000	-1.0
20250603 07:30	8.8	7.1	8.8	75	4.6	10	16	18	0.0	730.8	-100000	-100000.000	-1.0
20250603 07:35	8.7	7.1	8.7	76	4.7	10	15	18	0.0	730.8	-100000	-100000.000	-1.0
20250603 07:40	8.7	7.0	8.7	77	4.9	10	15	18	0.0	730.8	-100000	-100000.000	-1.0
20250603 07:45	8.7	7.2	8.7	77	4.9	9	14	18	0.0	730.8	-100000	-100000.000	-1.0
20250603 07:50	8.6	7.0	8.6	76	4.6	10	14	18	0.0	730.8	-100000	-100000.000	-1.0
20250603 07:55	8.6	7.0	8.6	77	4.8	10	14	16	0.0	730.8	-100000	-100000.000	-1.0
20250603 08:00	8.5	7.1	8.5	79	5.1	9	15	10	0.0	730.8	-100000	-100000.000	-1.0
20250603 08:05	8.8	6.8	8.8	69	3.4	12	15	18	0.0	730.8	-100000	-100000.000	-1.0
20250603 08:10	9.2	7.7	9.2	68	3.6	10	14	18	0.0	730.4	-100000	-100000.000	-1.0
20250603 08:15	9.3	7.8	9.3	68	3.7	10	15	18	0.0	730.4	-100000	-100000.000	-1.0
20250603 08:20	9.2	7.8	9.2	68	3.6	9	14	18	0.0	730.4	-100000	-100000.000	-1.0
20250603 08:25	9.1	7.4	9.1	68	3.5	11	15	18	0.0	730.4	-100000	-100000.000	-1.0
20250603 08:30	9.1	7.5	9.1	67	3.3	10	14	18	0.0	730.4	-100000	-100000.000	-1.0
20250603 08:35	9.2	8.0	9.2	67	3.4	8	13	12	0.0	730.4	-100000	-100000.000	-1.0
20250603 08:40	9.1	7.6	9.1	67	3.3	9	14	16	0.0	730.4	-100000	-100000.000	-1.0
20250603 08:45	9.1	7.6	9.1	67	3.3	9	13	18	0.0	730.4	-100000	-100000.000	-1.0
20250603 08:50	9.0	7.5	9.0	68	3.4	10	14	18	0.0	730.4	-100000	-100000.000	-1.0
20250603 08:55	9.0	8.0	9.0	68	3.4	7	11	23	0.0	730.4	-100000	-100000.000	-1.0
20250603 09:00	9.0	8.6	9.0	68	3.4	5	8	36	0.0	730.4	-100000	-100000.000	-1.0
20250603 09:05	9.1	9.1	9.1	67	3.3	4	6	28	0.0	730.4	-100000	-100000.000	-1.0
20250603 09:10	9.1	9.1	9.1	67	3.3	4	8	18	0.0	730.4	-100000	-100000.000	-1.0
20250603 09:15	9.0	8.7	9.0	68	3.4	5	8	12	0.0	730.4	-100000	-100000.000	-1.0
20250603 09:20	9.0	8.2	9.0	68	3.4	7	9	18	0.0	730.1	-100000	-100000.000	-1.0
20250603 09:25	9.0	8.4	9.0	68	3.4	6	9	14	0.0	730.1	-100000	-100000.000	-1.0
20250603 09:30	8.9	7.9	8.9	68	3.3	7	9	18	0.0	730.1	-100000	-100000.000	-1.0
20250603 09:35	8.9	8.4	8.9	68	3.3	5	8	16	0.0	730.1	-100000	-100000.000	-1.0
20250603 09:40	8.9	8.9	8.9	68	3.3	4	7	25	0.0	730.1	-100000	-100000.000	-1.0
20250603 09:45	8.9	8.9	8.9	69	3.5	4	6	10	0.0	730.1	-100000	-100000.000	-1.0
20250603 09:50	9.1	8.7	9.1	68	3.5	5	9	1	0.0	730.1	-100000	-100000.000	-1.0
20250603 09:55	9.5	9.1	9.5	67	3.7	5	9	18	0.0	730.1	-100000	-100000.000	-1.0
20250603 10:00	9.0	9.0	9.0	68	3.4	3	6	14	0.0	730.1	-100000	-100000.000	-1.0
20250603 10:05	8.9	8.9	8.9	68	3.3	3	6	14	0.0	730.1	-100000	-100000.000	-1.0
20250603 10:10	9.0	9.0	9.0	68	3.4	2	5	343	0.0	730.1	-100000	-100000.000	-1.0
20250603 10:15	9.3	9.3	9.3	67	3.5	2	5	1	0.0	730.1	-100000	-100000.000	-1.0
20250603 10:20	9.3	9.3	9.3	67	3.5	2	4	28	0.0	729.8	-100000	-100000.000	-1.0
20250603 10:25	9.1	9.1	9.1	68	3.5	4	9	12	0.0	729.8	-100000	-100000.000	-1.0
20250603 10:30	9.0	8.6	9.0	69	3.6	5	9	36	0.0	729.8	-100000	-100000.000	-1.0
20250603 10:35	8.8	8.2	8.8	69	3.4	5	8	30	0.0	729.8	-100000	-100000.000	-1.0
20250603 10:40	8.8	8.8	8.8	70	3.6	4	7	45	0.0	729.8	-100000	-100000.000	-1.0
20250603 10:45	8.6	8.6	8.6	70	3.4	4	7	39	0.0	729.8	-100000	-100000.000	-1.0
20250603 10:50	8.5	8.0	8.5	71	3.5	5	9	39	0.0	729.8	-100000	-100000.000	-1.0
20250603 10:55	8.5	8.1	8.5	71	3.5	5	8	37	0.0	729.8	-100000	-100000.000	-1.0
20250603 11:00	8.4	7.8	8.4	72	3.6	5	10	36	0.0	729.8	-100000	-100000.000	-1.0
20250603 11:05	8.4	7.9	8.4	72	3.6	5	10	36	0.0	729.8	-100000	-100000.000	-1.0
20250603 11:10	8.4	8.0	8.4	72	3.6	5	8	43	0.0	729.8	-100000	-100000.000	-1.0
20250603 11:15	8.4	8.4	8.4	73	3.8	3	6	63	0.0	729.8	-100000	-100000.000	-1.0
20250603 11:20	8.3	8.3	8.3	72	3.5	4	7	158	0.0	729.8	-100000	-100000.000	-1.0
20250603 11:25	8.6	8.2	8.6	70	3.4	5	8	165	0.0	729.8	-100000	-100000.000	-1.0
20250603 11:30	8.8	8.2	8.8	70	3.6	6	8	154	0.0	729.8	-100000	-100000.000	-1.0
20250603 11:35	8.7	8.7	8.7	70	3.5	4	7	140	0.0	729.8	-100000	-100000.000	-1.0
20250603 11:40	8.7	8.7	8.7	70	3.5	4	6	138	0.0	729.8	-100000	-100000.000	-1.0
20250603 11:45	8.9	8.9	8.9	69	3.5	4	6	169	0.0	729.8	-100000	-100000.000	-1.0
20250603 11:50	9.0	9.0	9.0	69	3.6	3	5	118	0.0	729.8	-100000	-100000.000	-1.0
20250603 11:55	9.1	9.1	9.1	68	3.5	2	4	69	0.0	729.8	-100000	-100000.000	-1.0
20250603 12:00	9.2	9.2	9.2	68	3.6	3	5	178	0.0	729.8	-100000	-100000.000	-1.0
20250603 12:05	9.1	9.1	9.1	68	3.5	2	4	174	0.0	729.8	-100000	-100000.000	-1.0
20250603 12:10	9.3	8.7	9.3	67	3.5	6	9	12	0.0	729.8	-100000	-100000.000	-1.0
20250603 12:15	8.2	7.3	8.2	81	5.1	6	9	18	0.0	729.8	-100000	-100000.000	-1.0
20250603 12:20	7.7	7.7	7.7	84	5.1	4	6	36	0.0	729.8	-100000	-100000.000	-1.0
20250603 12:25	7.7	7.7	7.7	83	5.0	2	5	333	0.0	729.8	-100000	-100000.000	-1.0
20250603 12:30	7.8	7.8	7.8	79	4.4	3	7	180	0.0	729.8	-100000	-100000.000	-1.0
20250603 12:35	8.1	7.1	8.1	74	3.7	7	8	192	0.0	729.8	-100000	-100000.000	-1.0
20250603 12:40	8.3	7.2	8.3	73	3.7	7	9	180	0.0	729.8	-100000	-100000.000	-1.0
20250603 12:45	8.3	7.2	8.3	74	3.9	7	10	167	0.0	729.8	-100000	-100000.000	-1.0
20250603 12:50	8.3	7.0	8.3	74	3.9	8	10	172	0.0	729.8	-100000	-100000.000	-1.0
20250603 12:55	8.3	8.3	8.3	74	3.9	4	9	135	0.0	729.8	-100000	-100000.000	-1.0
20250603 13:00	8.3	8.3	8.3	74	3.9	3	6	151	0.0	729.8	-100000	-100000.000	-1.0
20250603 13:05	8.2	8.2	8.2	74	3.8	3	6	75	0.0	729.8	-100000	-100000.000	-1.0
20250603 13:10	8.3	8.3	8.3	76	4.3	4	7	135	0.0	729.8	-100000	-100000.000	-1.0
20250603 13:15	8.4	8.4	8.4	74	4.0	4	7	136	0.0	729.8	-100000	-100000.000	-1.0
20250603 13:20	8.2	8.2	8.2	77	4.4	4	7	111	0.0	729.8	-100000	-100000.000	-1.0
20250603 13:25	8.2	8.2	8.2	79	4.7	4	8	140	0.0	729.8	-100000	-100000.000	-1.0
20250603 13:30	8.2	8.2	8.2	81	5.1	5	8	156	0.0	729.8	-100000	-100000.000	-1.0
20250603 13:35	8.3	8.3	8.3	81	5.2	5	9	160	0.0	729.8	-100000	-100000.000	-1.0
20250603 13:40	8.5	7.0	8.5	81	5.4	9	13	162	0.0	729.8	-100000	-100000.000	-1.0
20250603 13:45	8.3	6.8	8.3	82	5.4	9	13	162	0.0	729.8	-100000	-100000.000	-1.0
20250603 13:50	8.2	7.5	8.2	84	5.6	6	9	160	0.0	729.8	-100000	-100000.000	-1.0
20250603 13:55	8.3	7.3	8.3	82	5.4	7	9	171	0.0	729.8	-100000	-100000.000	-1.0
20250603 14:00	8.4	7.6	8.4	82	5.5	6	9	162	0.0	729.8	-100000	-100000.000	-1.0
20250603 14:05	8.5	7.4	8.5	81	5.4	7	9	174	0.0	729.8	-100000	-100000.000	-1.0
20250603 14:10	8.6	7.6	8.6	76	4.6	7	9	163	0.0	729.8	-100000	-100000.000	-1.0
20250603 14:15	8.7	7.6	8.7	76	4.7	7	9	165	0.0	729.8	-100000	-100000.000	-1.0
20250603 14:20	8.7	7.7	8.7	75	4.5	7	9	162	0.0	729.8	-100000	-100000.000	-1.0
20250603 14:25	8.8	7.8	8.8	75	4.6	7	9	162	0.0	729.8	-100000	-100000.000	-1.0
20250603 14:30	8.9	7.9	8.9	76	4.9	7	10	162	0.0	729.8	-100000	-100000.000	-1.0
20250603 14:35	9.0	7.8	9.0	75	4.8	8	11	163	0.0	729.8	-100000	-100000.000	-1.0
20250603 14:40	9.0	7.7	9.0	78	5.4	9	11	169	0.0	729.8	-100000	-100000.000	-1.0
20250603 14:45	9.3	8.3	9.3	75	5.1	7	11	160	0.0	729.8	-100000	-100000.000	-1.0
20250603 14:50	9.6	9.6	9.6	74	5.2	2	6	167	0.0	729.8	-100000	-100000.000	-1.0
20250603 14:55	10.2	10.2	10.2	72	5.3	2	4	201	0.0	729.8	-100000	-100000.000	-1.0
20250603 15:00	10.9	10.9	10.9	69	5.4	2	4	203	0.0	730.1	-100000	-100000.000	-1.0
20250603 15:05	11.1	11.1	11.1	67	5.2	2	5	203	0.0	730.1	-100000	-100000.000	-1.0
20250603 15:10	11.4	11.4	11.4	68	5.7	3	8	201	0.0	730.1	-100000	-100000.000	-1.0
20250603 15:15	11.1	11.1	11.1	67	5.2	2	5	205	0.0	730.1	-100000	-100000.000	-1.0
20250603 15:20	11.5	11.5	11.5	66	5.4	2	6	225	0.0	730.1	-100000	-100000.000	-1.0
20250603 15:25	11.8	11.8	11.8	65	5.4	4	8	190	0.0	730.4	-100000	-100000.000	-1.0
20250603 15:30	11.3	11.3	11.3	67	5.4	5	8	189	0.0	730.4	-100000	-100000.000	-1.0
20250603 15:35	11.2	11.2	11.2	69	5.7	4	7	192	0.0	730.1	-100000	-100000.000	-1.0
20250603 15:40	11.3	11.3	11.3	69	5.8	5	11	162	0.0	730.1	-100000	-100000.000	-1.0
20250603 15:45	11.2	11.2	11.2	70	5.9	5	10	178	0.0	730.1	-100000	-100000.000	-1.0
20250603 15:50	11.6	11.6	11.6	70	6.3	2	7	201	0.0	730.1	-100000	-100000.000	-1.0
20250603 15:55	12.2	12.2	12.2	76	8.1	3	7	28	0.0	730.1	-100000	-100000.000	-1.0
20250603 16:00	11.7	11.7	11.7	69	6.2	3	8	193	0.0	730.1	-100000	-100000.000	-1.0
20250603 16:05	12.4	12.4	12.4	67	6.4	3	8	205	0.0	730.1	-100000	-100000.000	-1.0
20250603 16:10	12.6	12.6	12.6	66	6.4	2	6	173	0.0	730.1	-100000	-100000.000	-1.0
20250603 16:15	13.2	13.2	13.2	67	7.2	2	7	16	0.0	730.4	-100000	-100000.000	-1.0
20250603 16:20	12.9	12.9	12.9	73	8.2	3	8	200	0.0	730.4	-100000	-100000.000	-1.0
20250603 16:25	13.0	13.0	13.0	64	6.3	3	9	204	0.0	730.4	-100000	-100000.000	-1.0
20250603 16:30	13.2	13.2	13.2	64	6.5	3	8	208	0.0	730.4	-100000	-100000.000	-1.0
20250603 16:35	13.6	13.6	13.6	65	7.1	3	9	216	0.0	730.4	-100000	-100000.000	-1.0
20250603 16:40	13.8	13.8	13.8	62	6.6	3	9	68	0.0	730.4	-100000	-100000.000	-1.0
20250603 16:45	13.6	13.6	13.6	72	8.6	2	9	234	0.0	730.4	-100000	-100000.000	-1.0
20250603 16:50	13.8	13.8	13.8	70	8.4	4	14	262	0.0	730.4	-100000	-100000.000	-1.0
20250603 16:55	13.6	13.6	13.6	65	7.1	4	14	205	0.0	730.4	-100000	-100000.000	-1.0
20250603 17:00	13.7	13.7	13.7	72	8.7	3	9	331	0.0	730.4	-100000	-100000.000	-1.0
20250603 17:05	13.7	13.7	13.7	73	8.9	6	13	16	0.0	730.4	-100000	-100000.000	-1.0
20250603 17:10	11.8	11.8	11.8	78	8.1	6	12	10	0.0	730.1	-100000	-100000.000	-1.0
20250603 17:15	12.3	12.3	12.3	76	8.2	8	15	7	0.0	730.1	-100000	-100000.000	-1.0
20250603 17:20	11.6	11.6	11.6	79	8.0	9	17	9	0.0	730.4	-100000	-100000.000	-1.0
20250603 17:25	11.1	11.1	11.1	81	7.9	7	13	347	0.0	730.4	-100000	-100000.000	-1.0
20250603 17:30	11.7	11.7	11.7	78	8.0	7	13	340	0.0	730.4	-100000	-100000.000	-1.0
20250603 17:35	12.3	12.3	12.3	77	8.4	6	13	342	0.0	730.4	-100000	-100000.000	-1.0
20250603 17:40	12.0	12.0	12.0	77	8.1	5	15	318	0.0	730.4	-100000	-100000.000	-1.0
20250603 17:45	12.1	12.1	12.1	76	8.0	3	10	298	0.0	730.1	-100000	-100000.000	-1.0
20250603 17:50	13.2	13.2	13.2	73	8.4	4	14	304	0.0	730.4	-100000	-100000.000	-1.0
20250603 17:55	13.6	13.6	13.6	72	8.6	3	13	307	0.0	730.4	-100000	-100000.000	-1.0
20250603 18:00	13.8	13.8	13.8	71	8.6	7	17	0	0.0	730.4	-100000	-100000.000	-1.0
20250603 18:05	12.6	12.6	12.6	73	7.8	4	12	306	0.0	730.4	-100000	-100000.000	-1.0
20250603 18:10	12.7	12.7	12.7	76	8.5	4	14	338	0.0	730.4	-100000	-100000.000	-1.0
20250603 18:15	12.9	12.9	12.9	77	9.0	5	15	310	0.0	730.4	-100000	-100000.000	-1.0
20250603 18:20	13.2	13.2	13.2	73	8.4	5	13	334	0.0	730.4	-100000	-100000.000	-1.0
20250603 18:25	13.2	13.2	13.2	72	8.2	9	18	352	0.0	730.4	-100000	-100000.000	-1.0
20250603 18:30	12.0	12.0	12.0	75	7.7	7	17	334	0.0	730.4	-100000	-100000.000	-1.0
20250603 18:35	12.4	12.4	12.4	76	8.3	7	14	349	0.0	730.4	-100000	-100000.000	-1.0
20250603 18:40	12.3	12.3	12.3	76	8.2	7	13	351	0.0	730.4	-100000	-100000.000	-1.0
20250603 18:45	12.3	12.3	12.3	77	8.4	7	15	356	0.0	730.4	-100000	-100000.000	-1.0
20250603 18:50	11.3	11.3	11.3	80	8.0	8	15	351	0.0	730.4	-100000	-100000.000	-1.0
20250603 18:55	11.2	11.2	11.2	81	8.0	7	14	0	0.0	730.4	-100000	-100000.000	-1.0
20250603 19:00	11.1	11.1	11.1	83	8.3	8	16	3	0.0	730.4	-100000	-100000.000	-1.0
20250603 19:05	11.5	11.5	11.5	82	8.5	9	17	354	0.0	730.4	-100000	-100000.000	-1.0
20250603 19:10	11.5	11.5	11.5	82	8.5	9	16	3	0.0	730.1	-100000	-100000.000	-1.0
20250603 19:15	11.7	11.7	11.7	83	8.9	9	17	5	0.0	730.1	-100000	-100000.000	-1.0
20250603 19:20	11.2	11.2	11.2	84	8.6	10	19	7	0.0	730.1	-100000	-100000.000	-1.0
20250603 19:25	11.6	11.6	11.6	85	9.1	11	19	5	0.0	730.1	-100000	-100000.000	-1.0
20250603 19:30	11.1	11.1	11.1	85	8.6	8	18	3	0.0	730.1	-100000	-100000.000	-1.0
20250603 19:35	11.0	11.0	11.0	87	8.9	8	17	358	0.0	730.1	-100000	-100000.000	-1.0
20250603 19:40	11.6	11.6	11.6	86	9.3	10	20	10	0.0	730.1	-100000	-100000.000	-1.0
20250603 19:45	10.7	10.7	10.7	86	8.4	9	17	9	0.0	730.1	-100000	-100000.000	-1.0
20250603 19:50	10.8	10.8	10.8	89	9.0	11	19	9	0.0	730.1	-100000	-100000.000	-1.0
20250603 19:55	10.7	10.7	10.7	90	9.1	10	18	351	0.0	730.1	-100000	-100000.000	-1.0
20250603 20:00	11.2	11.2	11.2	89	9.4	10	18	351	0.0	730.1	-100000	-100000.000	-1.0
20250603 20:05	11.3	11.3	11.3	88	9.4	10	17	7	0.0	730.1	-100000	-100000.000	-1.0
20250603 20:10	11.0	11.0	11.0	88	9.1	10	18	351	0.0	730.1	-100000	-100000.000	-1.0
20250603 20:15	10.4	10.4	10.4	91	9.0	10	18	5	0.0	730.1	-100000	-100000.000	-1.0
20250603 20:20	10.0	10.0	10.0	93	8.9	7	15	356	0.0	730.1	-100000	-100000.000	-1.0
20250603 20:25	10.0	10.0	10.0	92	8.8	8	15	7	0.0	730.1	-100000	-100000.000	-1.0
20250603 20:30	9.8	8.9	9.8	94	8.9	7	14	0	0.0	730.1	-100000	-100000.000	-1.0
20250603 20:35	10.1	10.1	10.1	94	9.1	8	15	356	0.0	729.8	-100000	-100000.000	-1.0
20250603 20:40	10.2	10.2	10.2	93	9.1	8	16	356	0.0	729.8	-100000	-100000.000	-1.0
20250603 20:45	10.2	10.2	10.2	94	9.2	9	15	1	0.0	729.8	-100000	-100000.000	-1.0
20250603 20:50	10.4	10.4	10.4	93	9.3	9	15	349	0.0	729.8	-100000	-100000.000	-1.0
20250603 20:55	11.3	11.3	11.3	91	9.9	10	20	351	0.0	729.8	-100000	-100000.000	-1.0
20250603 21:00	11.1	11.1	11.1	89	9.3	9	16	3	0.0	729.8	-100000	-100000.000	-1.0
20250603 21:05	10.7	10.7	10.7	92	9.4	10	20	5	0.0	729.8	-100000	-100000.000	-1.0
20250603 21:10	10.3	10.3	10.3	92	9.0	11	19	10	0.0	729.8	-100000	-100000.000	-1.0
20250603 21:15	10.2	10.2	10.2	93	9.1	10	16	358	0.0	729.8	-100000	-100000.000	-1.0
20250603 21:20	11.0	11.0	11.0	92	9.7	10	19	354	0.0	729.4	-100000	-100000.000	-1.0
20250603 21:25	10.9	10.9	10.9	90	9.3	12	19	7	0.0	729.4	-100000	-100000.000	-1.0
20250603 21:30	10.4	10.4	10.4	90	8.8	10	17	16	0.0	729.4	-100000	-100000.000	-1.0
20250603 21:35	10.2	10.2	10.2	91	8.8	8	15	0	0.0	729.4	-100000	-100000.000	-1.0
20250603 21:40	10.5	10.5	10.5	89	8.8	9	18	9	0.0	729.4	-100000	-100000.000	-1.0
20250603 21:45	10.5	10.5	10.5	90	8.9	9	16	5	0.0	729.4	-100000	-100000.000	-1.0
20250603 21:50	10.6	10.6	10.6	92	9.3	8	16	356	0.0	729.4	-100000	-100000.000	-1.0
20250603 21:55	10.9	10.9	10.9	91	9.5	7	13	1	0.0	729.4	-100000	-100000.000	-1.0
20250603 22:00	11.2	11.2	11.2	88	9.3	7	14	316	0.0	729.1	-100000	-100000.000	-1.0
20250603 22:05	11.8	11.8	11.8	87	9.7	7	13	10	0.0	729.1	-100000	-100000.000	-1.0
20250603 22:10	11.0	11.0	11.0	90	9.4	6	12	9	0.0	729.1	-100000	-100000.000	-1.0
20250603 22:15	11.1	11.1	11.1	89	9.3	7	13	345	0.0	729.1	-100000	-100000.000	-1.0
20250603 22:20	11.2	11.2	11.2	86	8.9	5	13	347	0.0	729.1	-100000	-100000.000	-1.0
20250603 22:25	11.2	11.2	11.2	91	9.8	6	17	322	0.0	729.1	-100000	-100000.000	-1.0
20250603 22:30	11.2	11.2	11.2	91	9.8	3	9	12	0.0	729.1	-100000	-100000.000	-1.0
20250603 22:35	11.3	11.3	11.3	92	10.0	6	13	12	0.0	729.1	-100000	-100000.000	-1.0
20250603 22:40	10.4	10.4	10.4	94	9.5	7	17	356	0.0	729.1	-100000	-100000.000	-1.0
20250603 22:45	10.2	10.2	10.2	94	9.2	5	13	0	0.0	729.1	-100000	-100000.000	-1.0
20250603 22:50	10.2	10.2	10.2	95	9.4	7	19	320	0.0	729.1	-100000	-100000.000	-1.0
20250603 22:55	10.1	10.1	10.1	94	9.1	7	19	316	0.0	728.8	-100000	-100000.000	-1.0
20250603 23:00	11.2	11.2	11.2	90	9.6	8	22	316	0.0	728.8	-100000	-100000.000	-1.0
20250603 23:05	12.0	12.0	12.0	88	10.1	5	19	315	0.0	728.8	-100000	-100000.000	-1.0
20250603 23:10	12.3	12.3	12.3	85	9.8	6	16	320	0.0	728.8	-100000	-100000.000	-1.0
20250603 23:15	13.0	13.0	13.0	80	9.6	7	23	322	0.0	728.8	-100000	-100000.000	-1.0
20250603 23:20	12.3	12.3	12.3	82	9.3	3	11	303	0.0	728.8	-100000	-100000.000	-1.0
20250603 23:25	12.5	12.5	12.5	81	9.3	3	14	320	0.0	728.8	-100000	-100000.000	-1.0
20250603 23:30	13.0	13.0	13.0	80	9.6	3	11	328	0.0	728.8	-100000	-100000.000	-1.0
20250603 23:35	12.9	12.9	12.9	82	9.9	4	9	316	0.0	728.8	-100000	-100000.000	-1.0
20250603 23:40	12.5	12.5	12.5	81	9.3	4	15	331	0.0	728.4	-100000	-100000.000	-1.0
20250603 23:45	11.9	11.9	11.9	84	9.3	5	21	333	0.0	728.8	-100000	-100000.000	-1.0
20250603 23:50	11.5	11.5	11.5	85	9.1	5	17	322	0.0	728.4	-100000	-100000.000	-1.0
20250603 23:55	11.3	11.3	11.3	85	8.8	4	15	309	0.0	728.4	-100000	-100000.000	-1.0
