--Timestamp---	Temp	Chill	HIndex	Humid	Dewpt	 Wind 	HiWind	WindDir	Rain 	Barom	Solar	 ET  	 UV 
--------------	----	-----	------	-----	-----	------	------	-------	-----	-----	-----	-----	----
20250825 00:00	13.9	13.9	13.9	73	9.2	9	15	198	0.0	734.2	-100000	-100000.000	-1.0
20250825 00:05	14.1	14.1	14.1	70	8.7	10	18	198	0.0	734.2	-100000	-100000.000	-1.0
20250825 00:10	14.3	14.3	14.3	67	8.4	10	17	198	0.0	734.2	-100000	-100000.000	-1.0
20250825 00:15	14.4	14.4	14.4	66	8.2	11	17	198	0.0	734.2	-100000	-100000.000	-1.0
20250825 00:20	14.4	14.4	14.4	65	7.8	11	19	198	0.0	734.2	-100000	-100000.000	-1.0
20250825 00:25	14.6	14.6	14.6	65	8.1	13	19	198	0.0	734.0	-100000	-100000.000	-1.0
20250825 00:30	14.9	14.9	14.9	66	8.6	13	21	198	0.0	733.8	-100000	-100000.000	-1.0
20250825 00:35	15.1	15.1	15.1	62	8.0	9	16	203	0.0	734.0	-100000	-100000.000	-1.0
20250825 00:40	15.2	15.2	15.2	59	7.4	11	18	190	0.0	734.2	-100000	-100000.000	-1.0
20250825 00:45	15.1	15.1	15.1	57	6.6	12	17	190	0.0	734.0	-100000	-100000.000	-1.0
20250825 00:50	15.0	15.0	15.0	58	6.8	9	14	190	0.0	733.8	-100000	-100000.000	-1.0
20250825 00:55	15.0	15.0	15.0	60	7.3	9	14	185	0.0	733.8	-100000	-100000.000	-1.0
20250825 01:00	14.9	14.9	14.9	59	7.1	8	11	174	0.0	733.8	-100000	-100000.000	-1.0
20250825 01:05	14.8	14.8	14.8	58	6.7	7	10	178	0.0	733.8	-100000	-100000.000	-1.0
20250825 01:10	14.8	14.8	14.8	58	6.6	7	9	169	0.0	733.8	-100000	-100000.000	-1.0
20250825 01:15	14.8	14.8	14.8	59	6.7	8	11	176	0.0	733.8	-100000	-100000.000	-1.0
20250825 01:20	14.7	14.7	14.7	60	7.1	7	10	180	0.0	733.8	-100000	-100000.000	-1.0
20250825 01:25	14.7	14.7	14.7	61	7.2	7	9	187	0.0	733.8	-100000	-100000.000	-1.0
20250825 01:30	14.7	14.7	14.7	62	7.5	6	8	180	0.0	733.8	-100000	-100000.000	-1.0
20250825 01:35	14.7	14.7	14.7	62	7.6	7	9	180	0.0	733.8	-100000	-100000.000	-1.0
20250825 01:40	14.7	14.7	14.7	63	7.7	8	10	185	0.0	733.8	-100000	-100000.000	-1.0
20250825 01:45	14.6	14.6	14.6	62	7.4	7	10	190	0.0	733.8	-100000	-100000.000	-1.0
20250825 01:50	14.5	14.5	14.5	61	7.1	5	7	201	0.0	733.8	-100000	-100000.000	-1.0
20250825 01:55	14.5	14.5	14.5	56	5.9	2	6	223	0.0	733.8	-100000	-100000.000	-1.0
20250825 02:00	14.5	14.5	14.5	51	4.4	2	6	234	0.0	733.8	-100000	-100000.000	-1.0
20250825 02:05	14.6	14.6	14.6	48	3.8	1	4	250	0.0	733.8	-100000	-100000.000	-1.0
20250825 02:10	14.7	14.7	14.7	48	3.8	1	3	264	0.0	733.8	-100000	-100000.000	-1.0
20250825 02:15	14.7	14.7	14.7	48	3.8	1	5	248	0.0	733.8	-100000	-100000.000	-1.0
20250825 02:20	14.7	14.7	14.7	49	4.1	2	5	252	0.0	733.8	-100000	-100000.000	-1.0
20250825 02:25	14.6	14.6	14.6	50	4.3	3	11	291	0.0	733.8	-100000	-100000.000	-1.0
20250825 02:30	14.6	14.6	14.6	49	4.1	4	11	307	0.0	733.8	-100000	-100000.000	-1.0
20250825 02:35	14.6	14.6	14.6	50	4.2	5	10	324	0.0	734.0	-100000	-100000.000	-1.0
20250825 02:40	14.7	14.7	14.7	48	3.8	5	10	331	0.0	734.2	-100000	-100000.000	-1.0
20250825 02:45	14.7	14.7	14.7	46	3.2	4	9	331	0.0	734.2	-100000	-100000.000	-1.0
20250825 02:50	14.8	14.8	14.8	44	2.8	6	9	313	0.0	734.2	-100000	-100000.000	-1.0
20250825 02:55	14.8	14.8	14.8	43	2.5	5	9	315	0.0	734.2	-100000	-100000.000	-1.0
20250825 03:00	15.0	15.0	15.0	43	2.5	2	7	334	0.0	734.2	-100000	-100000.000	-1.0
20250825 03:05	14.9	14.9	14.9	42	2.1	2	6	298	0.0	734.2	-100000	-100000.000	-1.0
20250825 03:10	14.8	14.8	14.8	42	1.9	1	5	277	0.0	734.2	-100000	-100000.000	-1.0
20250825 03:15	14.7	14.7	14.7	42	1.9	1	3	277	0.0	734.2	-100000	-100000.000	-1.0
20250825 03:20	14.6	14.6	14.6	43	2.0	1	3	286	0.0	734.2	-100000	-100000.000	-1.0
20250825 03:25	14.5	14.5	14.5	45	2.7	2	5	313	0.0	734.4	-100000	-100000.000	-1.0
20250825 03:30	14.6	14.6	14.6	46	3.1	1	5	306	0.0	734.5	-100000	-100000.000	-1.0
20250825 03:35	14.7	14.7	14.7	47	3.4	1	3	162	0.0	734.5	-100000	-100000.000	-1.0
20250825 03:40	14.7	14.7	14.7	51	4.6	2	5	133	0.0	734.5	-100000	-100000.000	-1.0
20250825 03:45	14.8	14.8	14.8	54	5.5	2	5	339	0.0	734.5	-100000	-100000.000	-1.0
20250825 03:50	14.9	14.9	14.9	54	5.7	3	8	30	0.0	734.5	-100000	-100000.000	-1.0
20250825 03:55	15.0	15.0	15.0	54	5.8	4	8	18	0.0	734.5	-100000	-100000.000	-1.0
20250825 04:00	15.1	15.1	15.1	54	5.9	5	7	12	0.0	734.5	-100000	-100000.000	-1.0
20250825 04:05	15.2	15.2	15.2	53	5.8	4	9	28	0.0	734.7	-100000	-100000.000	-1.0
20250825 04:10	15.2	15.2	15.2	53	5.6	4	9	18	0.0	734.8	-100000	-100000.000	-1.0
20250825 04:15	15.1	15.1	15.1	52	5.4	5	10	12	0.0	734.8	-100000	-100000.000	-1.0
20250825 04:20	15.1	15.1	15.1	52	5.3	4	8	14	0.0	734.8	-100000	-100000.000	-1.0
20250825 04:25	15.1	15.1	15.1	52	5.3	4	8	18	0.0	734.8	-100000	-100000.000	-1.0
20250825 04:30	15.0	15.0	15.0	51	5.1	4	8	18	0.0	734.8	-100000	-100000.000	-1.0
20250825 04:35	14.9	14.9	14.9	51	4.9	3	6	45	0.0	734.8	-100000	-100000.000	-1.0
20250825 04:40	14.9	14.9	14.9	50	4.7	3	6	25	0.0	734.8	-100000	-100000.000	-1.0
20250825 04:45	14.9	14.9	14.9	50	4.6	3	4	54	0.0	734.8	-100000	-100000.000	-1.0
20250825 04:50	15.0	15.0	15.0	52	5.1	3	7	59	0.0	734.8	-100000	-100000.000	-1.0
20250825 04:55	15.0	15.0	15.0	54	5.7	2	7	91	0.0	734.8	-100000	-100000.000	-1.0
20250825 05:00	15.0	15.0	15.0	53	5.6	3	5	111	0.0	734.8	-100000	-100000.000	-1.0
20250825 05:05	15.0	15.0	15.0	53	5.5	3	5	109	0.0	734.8	-100000	-100000.000	-1.0
20250825 05:10	14.9	14.9	14.9	53	5.4	3	4	109	0.0	734.8	-100000	-100000.000	-1.0
20250825 05:15	15.0	15.0	15.0	52	5.3	3	5	100	0.0	734.8	-100000	-100000.000	-1.0
20250825 05:20	15.0	15.0	15.0	52	5.2	4	6	91	0.0	734.8	-100000	-100000.000	-1.0
20250825 05:25	15.0	15.0	15.0	52	5.3	3	5	54	0.0	734.8	-100000	-100000.000	-1.0
20250825 05:30	15.0	15.0	15.0	52	5.2	2	5	81	0.0	734.8	-100000	-100000.000	-1.0
20250825 05:35	14.9	14.9	14.9	51	5.0	3	6	82	0.0	734.8	-100000	-100000.000	-1.0
20250825 05:40	14.9	14.9	14.9	51	4.8	2	5	84	0.0	734.8	-100000	-100000.000	-1.0
20250825 05:45	14.8	14.8	14.8	52	4.9	2	5	23	0.0	734.8	-100000	-100000.000	-1.0
20250825 05:50	14.6	14.6	14.6	51	4.7	3	5	358	0.0	734.8	-100000	-100000.000	-1.0
20250825 05:55	14.6	14.6	14.6	51	4.5	2	4	7	0.0	734.8	-100000	-100000.000	-1.0
20250825 06:00	14.6	14.6	14.6	51	4.6	3	6	72	0.0	734.6	-100000	-100000.000	-1.0
20250825 06:05	14.8	14.8	14.8	50	4.6	4	6	84	0.0	734.5	-100000	-100000.000	-1.0
20250825 06:10	14.9	14.9	14.9	50	4.6	4	6	106	0.0	734.5	-100000	-100000.000	-1.0
20250825 06:15	14.9	14.9	14.9	50	4.6	4	6	102	0.0	734.5	-100000	-100000.000	-1.0
20250825 06:20	14.9	14.9	14.9	50	4.6	5	8	97	0.0	734.5	-100000	-100000.000	-1.0
20250825 06:25	14.9	14.9	14.9	50	4.6	5	8	95	0.0	734.5	-100000	-100000.000	-1.0
20250825 06:30	15.0	15.0	15.0	49	4.5	5	9	77	0.0	734.5	-100000	-100000.000	-1.0
20250825 06:35	15.1	15.1	15.1	49	4.4	5	9	90	0.0	734.5	-100000	-100000.000	-1.0
20250825 06:40	15.0	15.0	15.0	49	4.4	5	8	100	0.0	734.5	-100000	-100000.000	-1.0
20250825 06:45	15.0	15.0	15.0	52	5.2	6	10	111	0.0	734.5	-100000	-100000.000	-1.0
20250825 06:50	14.9	14.9	14.9	53	5.3	6	8	99	0.0	734.5	-100000	-100000.000	-1.0
20250825 06:55	14.9	14.9	14.9	51	4.8	6	11	99	0.0	734.5	-100000	-100000.000	-1.0
20250825 07:00	15.0	15.0	15.0	50	4.7	6	11	133	0.0	734.5	-100000	-100000.000	-1.0
20250825 07:05	14.9	14.9	14.9	51	4.9	7	13	147	0.0	734.5	-100000	-100000.000	-1.0
20250825 07:10	15.0	15.0	15.0	50	4.7	6	12	133	0.0	734.5	-100000	-100000.000	-1.0
20250825 07:15	15.0	15.0	15.0	49	4.4	6	13	131	0.0	734.5	-100000	-100000.000	-1.0
20250825 07:20	15.0	15.0	15.0	49	4.4	6	14	135	0.0	734.5	-100000	-100000.000	-1.0
20250825 07:25	15.0	15.0	15.0	49	4.4	6	10	142	0.0	734.5	-100000	-100000.000	-1.0
20250825 07:30	15.0	15.0	15.0	49	4.4	8	12	162	0.0	734.5	-100000	-100000.000	-1.0
20250825 07:35	15.0	15.0	15.0	49	4.4	9	14	178	0.0	734.5	-100000	-100000.000	-1.0
20250825 07:40	15.0	15.0	15.0	50	4.5	8	12	180	0.0	734.5	-100000	-100000.000	-1.0
20250825 07:45	14.9	14.9	14.9	50	4.5	8	11	187	0.0	734.3	-100000	-100000.000	-1.0
20250825 07:50	14.7	14.7	14.7	51	4.6	8	14	180	0.0	734.2	-100000	-100000.000	-1.0
20250825 07:55	14.6	14.6	14.6	51	4.6	11	14	189	0.0	734.2	-100000	-100000.000	-1.0
20250825 08:00	14.6	14.6	14.6	51	4.5	11	14	192	0.0	734.2	-100000	-100000.000	-1.0
20250825 08:05	14.6	14.6	14.6	52	4.7	8	12	180	0.0	734.2	-100000	-100000.000	-1.0
20250825 08:10	14.5	14.5	14.5	52	4.8	6	8	174	0.0	734.2	-100000	-100000.000	-1.0
20250825 08:15	14.4	14.4	14.4	52	4.7	4	8	117	0.0	734.2	-100000	-100000.000	-1.0
20250825 08:20	14.2	14.2	14.2	53	4.6	5	8	113	0.0	734.4	-100000	-100000.000	-1.0
20250825 08:25	14.3	14.3	14.3	53	4.8	6	11	156	0.0	734.3	-100000	-100000.000	-1.0
20250825 08:30	14.5	14.5	14.5	54	5.2	6	10	163	0.0	734.2	-100000	-100000.000	-1.0
20250825 08:35	14.5	14.5	14.5	53	5.1	7	11	180	0.0	734.2	-100000	-100000.000	-1.0
20250825 08:40	14.5	14.5	14.5	53	5.0	9	14	178	0.0	734.2	-100000	-100000.000	-1.0
20250825 08:45	14.5	14.5	14.5	54	5.2	8	13	176	0.0	734.2	-100000	-100000.000	-1.0
20250825 08:50	14.5	14.5	14.5	54	5.3	8	13	174	0.0	734.2	-100000	-100000.000	-1.0
20250825 08:55	14.4	14.4	14.4	55	5.4	7	10	169	0.0	734.2	-100000	-100000.000	-1.0
20250825 09:00	14.4	14.4	14.4	55	5.5	7	10	176	0.0	734.2	-100000	-100000.000	-1.0
20250825 09:05	14.4	14.4	14.4	55	5.5	7	10	169	0.0	734.2	-100000	-100000.000	-1.0
20250825 09:10	14.4	14.4	14.4	55	5.5	7	10	162	0.0	734.2	-100000	-100000.000	-1.0
20250825 09:15	14.4	14.4	14.4	55	5.5	5	8	156	0.0	734.2	-100000	-100000.000	-1.0
20250825 09:20	14.3	14.3	14.3	54	5.2	5	8	147	0.0	734.2	-100000	-100000.000	-1.0
20250825 09:25	14.3	14.3	14.3	55	5.3	5	8	154	0.0	734.2	-100000	-100000.000	-1.0
20250825 09:30	14.3	14.3	14.3	55	5.4	6	9	162	0.0	734.2	-100000	-100000.000	-1.0
20250825 09:35	14.3	14.3	14.3	54	5.2	6	10	162	0.0	734.2	-100000	-100000.000	-1.0
20250825 09:40	14.3	14.3	14.3	54	5.1	6	10	158	0.0	734.2	-100000	-100000.000	-1.0
20250825 09:45	14.3	14.3	14.3	53	4.9	7	11	162	0.0	734.2	-100000	-100000.000	-1.0
20250825 09:50	14.3	14.3	14.3	53	4.9	5	10	162	0.0	734.2	-100000	-100000.000	-1.0
20250825 09:55	14.3	14.3	14.3	53	4.9	5	8	153	0.0	734.2	-100000	-100000.000	-1.0
20250825 10:00	14.3	14.3	14.3	52	4.7	5	8	156	0.0	734.2	-100000	-100000.000	-1.0
20250825 10:05	14.4	14.4	14.4	51	4.5	5	9	162	0.0	734.0	-100000	-100000.000	-1.0
20250825 10:10	14.4	14.4	14.4	51	4.4	6	10	162	0.0	733.8	-100000	-100000.000	-1.0
20250825 10:15	14.3	14.3	14.3	51	4.3	6	9	167	0.0	733.8	-100000	-100000.000	-1.0
20250825 10:20	14.3	14.3	14.3	51	4.3	7	11	180	0.0	733.8	-100000	-100000.000	-1.0
20250825 10:25	14.3	14.3	14.3	52	4.4	6	8	174	0.0	733.8	-100000	-100000.000	-1.0
20250825 10:30	14.1	14.1	14.1	53	4.8	3	6	109	0.0	733.8	-100000	-100000.000	-1.0
20250825 10:35	13.9	13.9	13.9	54	4.7	3	6	104	0.0	733.8	-100000	-100000.000	-1.0
20250825 10:40	13.8	13.8	13.8	53	4.4	5	8	93	0.0	733.8	-100000	-100000.000	-1.0
20250825 10:45	14.1	14.1	14.1	51	4.2	4	7	109	0.0	733.8	-100000	-100000.000	-1.0
20250825 10:50	14.2	14.2	14.2	52	4.5	4	6	99	0.0	733.8	-100000	-100000.000	-1.0
20250825 10:55	14.2	14.2	14.2	53	4.7	6	11	160	0.0	733.8	-100000	-100000.000	-1.0
20250825 11:00	14.2	14.2	14.2	55	5.4	9	12	171	0.0	733.8	-100000	-100000.000	-1.0
20250825 11:05	14.2	14.2	14.2	57	5.8	8	11	185	0.0	733.8	-100000	-100000.000	-1.0
20250825 11:10	14.2	14.2	14.2	54	5.0	8	11	180	0.0	733.6	-100000	-100000.000	-1.0
20250825 11:15	14.1	14.1	14.1	53	4.7	8	11	190	0.0	733.5	-100000	-100000.000	-1.0
20250825 11:20	14.1	14.1	14.1	55	5.0	8	10	180	0.0	733.5	-100000	-100000.000	-1.0
20250825 11:25	14.0	14.0	14.0	57	5.7	8	10	180	0.0	733.5	-100000	-100000.000	-1.0
20250825 11:30	13.8	13.8	13.8	61	6.3	8	11	180	0.0	733.5	-100000	-100000.000	-1.0
20250825 11:35	13.7	13.7	13.7	63	6.7	9	11	180	0.0	733.5	-100000	-100000.000	-1.0
20250825 11:40	13.7	13.7	13.7	62	6.5	9	11	167	0.0	733.5	-100000	-100000.000	-1.0
20250825 11:45	13.7	13.7	13.7	61	6.3	8	10	167	0.0	733.5	-100000	-100000.000	-1.0
20250825 11:50	13.8	13.8	13.8	61	6.4	7	9	165	0.0	733.5	-100000	-100000.000	-1.0
20250825 11:55	13.8	13.8	13.8	59	6.0	7	9	180	0.0	733.5	-100000	-100000.000	-1.0
20250825 12:00	14.0	14.0	14.0	57	5.5	7	8	180	0.0	733.7	-100000	-100000.000	-1.0
20250825 12:05	14.0	14.0	14.0	55	5.1	8	9	180	0.0	733.8	-100000	-100000.000	-1.0
20250825 12:10	14.2	14.2	14.2	54	5.0	8	10	180	0.0	733.8	-100000	-100000.000	-1.0
20250825 12:15	14.2	14.2	14.2	55	5.2	8	10	180	0.0	733.6	-100000	-100000.000	-1.0
20250825 12:20	14.2	14.2	14.2	55	5.3	8	9	180	0.0	733.7	-100000	-100000.000	-1.0
20250825 12:25	14.1	14.1	14.1	55	5.2	7	9	180	0.0	733.6	-100000	-100000.000	-1.0
20250825 12:30	14.1	14.1	14.1	56	5.4	6	8	172	0.0	733.5	-100000	-100000.000	-1.0
20250825 12:35	14.2	14.2	14.2	56	5.5	5	7	156	0.0	733.5	-100000	-100000.000	-1.0
20250825 12:40	14.1	14.1	14.1	56	5.5	3	5	131	0.0	733.5	-100000	-100000.000	-1.0
20250825 12:45	14.0	14.0	14.0	56	5.4	4	7	118	0.0	733.5	-100000	-100000.000	-1.0
20250825 12:50	14.0	14.0	14.0	56	5.4	3	6	104	0.0	733.5	-100000	-100000.000	-1.0
20250825 12:55	14.1	14.1	14.1	57	5.6	3	8	63	0.0	733.7	-100000	-100000.000	-1.0
20250825 13:00	14.0	14.0	14.0	57	5.6	4	8	52	0.0	733.8	-100000	-100000.000	-1.0
20250825 13:05	13.9	13.9	13.9	58	5.7	3	7	30	0.0	733.8	-100000	-100000.000	-1.0
20250825 13:10	13.9	13.9	13.9	58	5.8	2	8	54	0.0	733.8	-100000	-100000.000	-1.0
20250825 13:15	13.9	13.9	13.9	58	5.8	4	7	28	0.0	733.8	-100000	-100000.000	-1.0
20250825 13:20	14.0	14.0	14.0	58	5.8	3	5	21	0.0	733.8	-100000	-100000.000	-1.0
20250825 13:25	13.9	13.9	13.9	58	5.8	3	6	41	0.0	733.8	-100000	-100000.000	-1.0
20250825 13:30	13.9	13.9	13.9	58	5.8	4	9	55	0.0	733.8	-100000	-100000.000	-1.0
20250825 13:35	14.0	14.0	14.0	58	5.8	2	8	97	0.0	733.8	-100000	-100000.000	-1.0
20250825 13:40	13.9	13.9	13.9	58	5.8	1	5	2	0.0	733.8	-100000	-100000.000	-1.0
20250825 13:45	13.8	13.8	13.8	59	5.8	3	6	3	0.0	733.8	-100000	-100000.000	-1.0
20250825 13:50	13.7	13.7	13.7	59	5.8	5	9	356	0.0	733.8	-100000	-100000.000	-1.0
20250825 13:55	13.6	13.6	13.6	60	5.9	6	9	10	0.0	733.8	-100000	-100000.000	-1.0
20250825 14:00	13.5	13.5	13.5	61	6.1	6	8	18	0.0	733.8	-100000	-100000.000	-1.0
20250825 14:05	13.5	13.5	13.5	61	6.2	5	6	18	0.0	733.8	-100000	-100000.000	-1.0
20250825 14:10	13.6	13.6	13.6	60	6.1	5	6	18	0.0	733.8	-100000	-100000.000	-1.0
20250825 14:15	13.7	13.7	13.7	61	6.2	4	5	28	0.0	733.8	-100000	-100000.000	-1.0
20250825 14:20	13.7	13.7	13.7	60	6.1	4	6	28	0.0	733.8	-100000	-100000.000	-1.0
20250825 14:25	13.7	13.7	13.7	60	6.0	4	6	18	0.0	733.8	-100000	-100000.000	-1.0
20250825 14:30	13.7	13.7	13.7	60	6.1	5	7	18	0.0	733.8	-100000	-100000.000	-1.0
20250825 14:35	13.8	13.8	13.8	60	6.1	5	7	18	0.0	733.8	-100000	-100000.000	-1.0
20250825 14:40	13.8	13.8	13.8	61	6.4	4	7	14	0.0	733.8	-100000	-100000.000	-1.0
20250825 14:45	13.9	13.9	13.9	62	6.6	3	6	3	0.0	733.8	-100000	-100000.000	-1.0
20250825 14:50	14.0	14.0	14.0	63	6.9	4	7	19	0.0	734.0	-100000	-100000.000	-1.0
20250825 14:55	14.2	14.2	14.2	62	6.9	3	7	349	0.0	734.2	-100000	-100000.000	-1.0
20250825 15:00	14.3	14.3	14.3	62	7.1	5	9	356	0.0	734.2	-100000	-100000.000	-1.0
20250825 15:05	14.4	14.4	14.4	62	7.2	5	11	0	0.0	734.2	-100000	-100000.000	-1.0
20250825 15:10	14.5	14.5	14.5	63	7.4	4	7	9	0.0	734.2	-100000	-100000.000	-1.0
20250825 15:15	14.5	14.5	14.5	62	7.4	3	9	22	0.0	734.2	-100000	-100000.000	-1.0
20250825 15:20	14.7	14.7	14.7	62	7.5	4	8	34	0.0	734.2	-100000	-100000.000	-1.0
20250825 15:25	14.7	14.7	14.7	63	7.6	6	10	0	0.0	734.2	-100000	-100000.000	-1.0
20250825 15:30	14.6	14.6	14.6	64	7.9	7	11	0	0.0	734.2	-100000	-100000.000	-1.0
20250825 15:35	14.6	14.6	14.6	66	8.2	7	13	358	0.0	734.2	-100000	-100000.000	-1.0
20250825 15:40	14.9	14.9	14.9	65	8.4	8	15	1	0.0	734.2	-100000	-100000.000	-1.0
20250825 15:45	14.6	14.6	14.6	65	8.1	7	16	352	0.0	734.2	-100000	-100000.000	-1.0
20250825 15:50	14.3	14.3	14.3	66	8.1	7	13	0	0.0	734.2	-100000	-100000.000	-1.0
20250825 15:55	14.4	14.4	14.4	66	8.2	7	14	356	0.0	734.2	-100000	-100000.000	-1.0
20250825 16:00	14.5	14.5	14.5	66	8.2	6	15	352	0.0	734.2	-100000	-100000.000	-1.0
20250825 16:05	14.4	14.4	14.4	66	8.2	7	13	1	0.0	734.2	-100000	-100000.000	-1.0
20250825 16:10	14.5	14.5	14.5	66	8.2	8	14	358	0.0	734.2	-100000	-100000.000	-1.0
20250825 16:15	14.5	14.5	14.5	67	8.3	8	15	358	0.0	734.2	-100000	-100000.000	-1.0
20250825 16:20	14.2	14.2	14.2	68	8.4	7	14	3	0.0	734.2	-100000	-100000.000	-1.0
20250825 16:25	14.0	14.0	14.0	69	8.4	7	15	5	0.0	734.4	-100000	-100000.000	-1.0
20250825 16:30	14.0	14.0	14.0	69	8.4	6	11	3	0.0	734.5	-100000	-100000.000	-1.0
20250825 16:35	13.9	13.9	13.9	70	8.5	5	10	5	0.0	734.5	-100000	-100000.000	-1.0
20250825 16:40	13.9	13.9	13.9	70	8.5	6	11	0	0.0	734.5	-100000	-100000.000	-1.0
20250825 16:45	13.9	13.9	13.9	71	8.6	5	10	5	0.0	734.5	-100000	-100000.000	-1.0
20250825 16:50	13.9	13.9	13.9	71	8.7	6	11	0	0.0	734.5	-100000	-100000.000	-1.0
20250825 16:55	13.8	13.8	13.8	71	8.6	5	11	0	0.0	734.5	-100000	-100000.000	-1.0
20250825 17:00	13.7	13.7	13.7	72	8.6	4	9	1	0.0	734.5	-100000	-100000.000	-1.0
20250825 17:05	13.8	13.8	13.8	71	8.7	6	12	1	0.0	734.5	-100000	-100000.000	-1.0
20250825 17:10	13.9	13.9	13.9	72	8.8	7	14	351	0.0	734.5	-100000	-100000.000	-1.0
20250825 17:15	13.9	13.9	13.9	72	8.9	7	17	1	0.0	734.5	-100000	-100000.000	-1.0
20250825 17:20	14.0	14.0	14.0	73	9.1	10	19	5	0.0	734.5	-100000	-100000.000	-1.0
20250825 17:25	13.9	13.9	13.9	73	9.2	9	19	12	0.0	734.5	-100000	-100000.000	-1.0
20250825 17:30	13.9	13.9	13.9	73	9.1	9	16	356	0.0	734.5	-100000	-100000.000	-1.0
20250825 17:35	13.9	13.9	13.9	73	9.1	10	19	356	0.0	734.5	-100000	-100000.000	-1.0
20250825 17:40	14.0	14.0	14.0	73	9.2	11	24	352	0.0	734.5	-100000	-100000.000	-1.0
20250825 17:45	14.3	14.3	14.3	72	9.4	11	21	354	0.0	734.5	-100000	-100000.000	-1.0
20250825 17:50	14.6	14.6	14.6	71	9.3	10	18	349	0.0	734.5	-100000	-100000.000	-1.0
20250825 17:55	14.4	14.4	14.4	71	9.2	8	15	352	0.0	734.7	-100000	-100000.000	-1.0
20250825 18:00	14.3	14.3	14.3	70	8.8	5	11	13	0.0	734.8	-100000	-100000.000	-1.0
20250825 18:05	14.7	14.7	14.7	69	9.1	3	10	280	0.0	734.8	-100000	-100000.000	-1.0
20250825 18:10	15.1	15.1	15.1	68	9.1	4	16	304	0.0	734.8	-100000	-100000.000	-1.0
20250825 18:15	14.7	14.7	14.7	68	8.7	6	15	327	0.0	734.8	-100000	-100000.000	-1.0
20250825 18:20	14.1	14.1	14.1	67	8.1	7	18	316	0.0	734.8	-100000	-100000.000	-1.0
20250825 18:25	13.7	13.7	13.7	67	7.7	5	15	315	0.0	734.8	-100000	-100000.000	-1.0
20250825 18:30	13.3	13.3	13.3	66	7.1	6	14	322	0.0	734.6	-100000	-100000.000	-1.0
20250825 18:35	13.2	13.2	13.2	66	6.9	3	12	295	0.0	734.5	-100000	-100000.000	-1.0
20250825 18:40	13.4	13.4	13.4	65	7.1	3	12	286	0.0	734.5	-100000	-100000.000	-1.0
20250825 18:45	13.7	13.7	13.7	64	7.0	3	10	289	0.0	734.5	-100000	-100000.000	-1.0
20250825 18:50	13.8	13.8	13.8	64	7.1	2	6	270	0.0	734.5	-100000	-100000.000	-1.0
20250825 18:55	14.0	14.0	14.0	65	7.4	2	8	273	0.0	734.5	-100000	-100000.000	-1.0
20250825 19:00	14.1	14.1	14.1	64	7.5	2	9	250	0.0	734.5	-100000	-100000.000	-1.0
20250825 19:05	14.2	14.2	14.2	64	7.5	2	8	230	0.0	734.5	-100000	-100000.000	-1.0
20250825 19:10	14.3	14.3	14.3	63	7.3	2	7	282	0.0	734.5	-100000	-100000.000	-1.0
20250825 19:15	14.2	14.2	14.2	62	7.0	3	10	286	0.0	734.5	-100000	-100000.000	-1.0
20250825 19:20	14.1	14.1	14.1	63	7.0	2	8	291	0.0	734.5	-100000	-100000.000	-1.0
20250825 19:25	13.9	13.9	13.9	63	7.0	2	9	306	0.0	734.5	-100000	-100000.000	-1.0
20250825 19:30	13.9	13.9	13.9	64	7.2	4	7	340	0.0	734.5	-100000	-100000.000	-1.0
20250825 19:35	13.8	13.8	13.8	65	7.4	2	9	260	0.0	734.3	-100000	-100000.000	-1.0
20250825 19:40	13.5	13.5	13.5	66	7.2	5	10	196	0.0	734.4	-100000	-100000.000	-1.0
20250825 19:45	12.8	12.8	12.8	65	6.4	8	13	196	0.0	734.5	-100000	-100000.000	-1.0
20250825 19:50	12.0	12.0	12.0	65	5.6	10	14	183	0.0	734.5	-100000	-100000.000	-1.0
20250825 19:55	11.3	11.3	11.3	67	5.5	9	14	198	0.0	734.3	-100000	-100000.000	-1.0
20250825 20:00	10.8	10.8	10.8	70	5.5	4	8	203	0.0	734.2	-100000	-100000.000	-1.0
20250825 20:05	10.6	10.6	10.6	72	5.7	6	12	198	0.1	734.2	-100000	-100000.000	-1.0
20250825 20:10	10.6	10.6	10.6	74	6.1	11	15	192	0.0	734.2	-100000	-100000.000	-1.0
20250825 20:15	10.3	10.3	10.3	77	6.5	9	14	180	0.1	734.2	-100000	-100000.000	-1.0
20250825 20:20	10.1	10.1	10.1	81	6.9	9	13	180	0.1	734.2	-100000	-100000.000	-1.0
20250825 20:25	9.8	8.4	9.8	84	7.3	10	14	189	0.2	734.2	-100000	-100000.000	-1.0
20250825 20:30	9.4	7.6	9.4	87	7.4	12	18	198	0.1	734.2	-100000	-100000.000	-1.0
20250825 20:35	9.0	6.5	9.0	89	7.2	16	21	198	0.2	734.2	-100000	-100000.000	-1.0
20250825 20:40	8.6	6.5	8.6	89	6.9	13	19	198	0.3	734.2	-100000	-100000.000	-1.0
20250825 20:45	8.5	6.4	8.5	89	6.8	13	20	199	0.3	734.0	-100000	-100000.000	-1.0
20250825 20:50	8.6	5.8	8.6	89	6.8	18	23	198	0.2	733.8	-100000	-100000.000	-1.0
20250825 20:55	8.5	5.7	8.5	90	6.9	18	25	198	0.1	733.6	-100000	-100000.000	-1.0
20250825 21:00	8.4	5.7	8.4	93	7.3	17	24	198	0.1	733.5	-100000	-100000.000	-1.0
20250825 21:05	8.5	5.9	8.5	93	7.5	16	27	196	0.1	733.5	-100000	-100000.000	-1.0
20250825 21:10	8.7	6.6	8.7	94	7.7	13	23	198	0.0	733.3	-100000	-100000.000	-1.0
20250825 21:15	8.8	6.8	8.8	94	7.9	13	21	196	0.0	733.4	-100000	-100000.000	-1.0
20250825 21:20	8.8	7.0	8.8	93	7.7	11	18	196	0.0	733.5	-100000	-100000.000	-1.0
20250825 21:25	8.8	7.1	8.8	90	7.3	10	17	194	0.0	733.5	-100000	-100000.000	-1.0
20250825 21:30	9.0	7.9	9.0	89	7.3	8	15	201	0.0	733.5	-100000	-100000.000	-1.0
20250825 21:35	9.5	9.1	9.5	86	7.3	5	9	210	0.0	733.5	-100000	-100000.000	-1.0
20250825 21:40	10.2	10.2	10.2	80	7.0	4	9	216	0.0	733.5	-100000	-100000.000	-1.0
20250825 21:45	10.8	10.8	10.8	75	6.6	5	8	203	0.2	733.5	-100000	-100000.000	-1.0
20250825 21:50	11.2	11.2	11.2	74	6.7	6	9	167	0.2	733.5	-100000	-100000.000	-1.0
20250825 21:55	11.1	11.1	11.1	77	7.2	8	13	172	0.2	733.5	-100000	-100000.000	-1.0
20250825 22:00	10.5	10.5	10.5	79	7.0	10	15	180	0.1	733.5	-100000	-100000.000	-1.0
20250825 22:05	10.2	10.2	10.2	78	6.6	12	16	180	0.0	733.5	-100000	-100000.000	-1.0
20250825 22:10	10.4	10.4	10.4	76	6.2	14	18	180	0.0	733.3	-100000	-100000.000	-1.0
20250825 22:15	10.7	10.7	10.7	75	6.3	14	19	180	0.1	733.2	-100000	-100000.000	-1.0
20250825 22:20	10.8	10.8	10.8	74	6.4	15	23	180	0.1	733.0	-100000	-100000.000	-1.0
20250825 22:25	10.7	10.7	10.7	74	6.3	15	20	189	0.1	732.8	-100000	-100000.000	-1.0
20250825 22:30	10.7	10.7	10.7	71	5.7	12	17	198	0.0	732.6	-100000	-100000.000	-1.0
20250825 22:35	10.9	10.9	10.9	69	5.5	6	11	207	0.0	732.5	-100000	-100000.000	-1.0
20250825 22:40	11.4	11.4	11.4	67	5.5	4	9	219	0.0	732.5	-100000	-100000.000	-1.0
20250825 22:45	11.9	11.9	11.9	65	5.6	6	13	216	0.1	732.5	-100000	-100000.000	-1.0
20250825 22:50	12.1	12.1	12.1	67	6.2	5	13	208	0.1	732.5	-100000	-100000.000	-1.0
20250825 22:55	12.1	12.1	12.1	70	6.8	5	15	205	0.0	732.5	-100000	-100000.000	-1.0
20250825 23:00	12.1	12.1	12.1	71	7.0	7	12	198	0.0	732.5	-100000	-100000.000	-1.0
20250825 23:05	12.3	12.3	12.3	72	7.4	8	14	198	0.0	732.5	-100000	-100000.000	-1.0
20250825 23:10	12.3	12.3	12.3	72	7.5	10	14	190	0.0	732.5	-100000	-100000.000	-1.0
20250825 23:15	12.3	12.3	12.3	72	7.4	8	11	187	0.0	732.5	-100000	-100000.000	-1.0
20250825 23:20	12.4	12.4	12.4	70	7.2	8	15	198	0.0	732.7	-100000	-100000.000	-1.0
20250825 23:25	12.8	12.8	12.8	71	7.6	10	16	196	0.0	732.8	-100000	-100000.000	-1.0
20250825 23:30	12.9	12.9	12.9	71	7.8	8	14	198	0.0	732.8	-100000	-100000.000	-1.0
20250825 23:35	12.9	12.9	12.9	72	7.9	7	13	205	0.0	732.8	-100000	-100000.000	-1.0
20250825 23:40	12.9	12.9	12.9	74	8.3	7	13	198	0.0	732.8	-100000	-100000.000	-1.0
20250825 23:45	12.8	12.8	12.8	76	8.7	6	11	199	0.0	733.0	-100000	-100000.000	-1.0
20250825 23:50	12.6	12.6	12.6	77	8.7	5	9	198	0.0	733.2	-100000	-100000.000	-1.0
20250825 23:55	12.5	12.5	12.5	79	8.9	2	8	228	0.0	733.2	-100000	-100000.000	-1.0
