--Timestamp---	Temp	Chill	HIndex	Humid	Dewpt	 Wind 	HiWind	WindDir	Rain 	Barom	Solar	 ET  	 UV 
--------------	----	-----	------	-----	-----	------	------	-------	-----	-----	-----	-----	----
20250720 00:00	16.1	16.1	16.1	56	7.3	11	27	0	0.0	734.2	-100000	-100000.000	-1.0
20250720 00:05	16.0	16.0	16.0	57	7.5	11	24	0	0.0	734.2	-100000	-100000.000	-1.0
20250720 00:10	15.7	15.7	15.7	57	7.2	12	30	1	0.0	734.2	-100000	-100000.000	-1.0
20250720 00:15	15.3	15.3	15.3	59	7.3	7	19	349	0.0	734.2	-100000	-100000.000	-1.0
20250720 00:20	15.3	15.3	15.3	59	7.3	8	21	354	0.0	733.8	-100000	-100000.000	-1.0
20250720 00:25	15.6	15.6	15.6	59	7.6	10	24	349	0.0	733.8	-100000	-100000.000	-1.0
20250720 00:30	15.8	15.8	15.8	58	7.5	11	28	3	0.0	733.8	-100000	-100000.000	-1.0
20250720 00:35	15.4	15.4	15.4	59	7.4	10	27	343	0.0	733.8	-100000	-100000.000	-1.0
20250720 00:40	15.4	15.4	15.4	59	7.4	11	25	3	0.0	733.8	-100000	-100000.000	-1.0
20250720 00:45	15.3	15.3	15.3	59	7.3	11	23	0	0.0	733.8	-100000	-100000.000	-1.0
20250720 00:50	15.1	15.1	15.1	59	7.1	8	19	352	0.0	733.8	-100000	-100000.000	-1.0
20250720 00:55	14.9	14.9	14.9	60	7.2	10	23	358	0.0	733.8	-100000	-100000.000	-1.0
20250720 01:00	14.7	14.7	14.7	61	7.2	9	18	358	0.0	733.8	-100000	-100000.000	-1.0
20250720 01:05	14.7	14.7	14.7	61	7.2	10	22	0	0.0	733.8	-100000	-100000.000	-1.0
20250720 01:10	14.5	14.5	14.5	62	7.3	7	17	9	0.0	733.8	-100000	-100000.000	-1.0
20250720 01:15	14.6	14.6	14.6	62	7.4	7	17	347	0.0	733.8	-100000	-100000.000	-1.0
20250720 01:20	14.6	14.6	14.6	62	7.4	7	18	1	0.0	733.8	-100000	-100000.000	-1.0
20250720 01:25	14.7	14.7	14.7	62	7.5	8	20	343	0.0	733.8	-100000	-100000.000	-1.0
20250720 01:30	14.5	14.5	14.5	62	7.3	7	17	7	0.0	733.8	-100000	-100000.000	-1.0
20250720 01:35	14.4	14.4	14.4	63	7.4	8	17	352	0.0	733.8	-100000	-100000.000	-1.0
20250720 01:40	14.6	14.6	14.6	62	7.4	7	20	336	0.0	733.8	-100000	-100000.000	-1.0
20250720 01:45	14.6	14.6	14.6	62	7.4	4	14	358	0.0	733.8	-100000	-100000.000	-1.0
20250720 01:50	14.8	14.8	14.8	61	7.3	8	21	0	0.0	733.8	-100000	-100000.000	-1.0
20250720 01:55	14.5	14.5	14.5	61	7.1	6	13	356	0.0	733.8	-100000	-100000.000	-1.0
20250720 02:00	14.5	14.5	14.5	60	6.8	7	18	358	0.0	733.8	-100000	-100000.000	-1.0
20250720 02:05	14.4	14.4	14.4	61	7.0	8	18	354	0.0	733.8	-100000	-100000.000	-1.0
20250720 02:10	14.1	14.1	14.1	61	6.6	7	16	358	0.0	733.8	-100000	-100000.000	-1.0
20250720 02:15	14.0	14.0	14.0	61	6.6	9	19	1	0.0	733.8	-100000	-100000.000	-1.0
20250720 02:20	13.8	13.8	13.8	62	6.6	8	16	3	0.0	733.8	-100000	-100000.000	-1.0
20250720 02:25	13.7	13.7	13.7	62	6.5	10	19	5	0.0	733.8	-100000	-100000.000	-1.0
20250720 02:30	13.6	13.6	13.6	62	6.4	9	17	12	0.0	733.8	-100000	-100000.000	-1.0
20250720 02:35	13.5	13.5	13.5	62	6.4	7	15	9	0.0	733.8	-100000	-100000.000	-1.0
20250720 02:40	13.4	13.4	13.4	63	6.5	8	14	9	0.0	733.8	-100000	-100000.000	-1.0
20250720 02:45	13.3	13.3	13.3	64	6.6	8	16	12	0.0	733.8	-100000	-100000.000	-1.0
20250720 02:50	13.1	13.1	13.1	64	6.4	6	10	12	0.0	733.8	-100000	-100000.000	-1.0
20250720 02:55	13.0	13.0	13.0	64	6.3	7	14	10	0.0	733.8	-100000	-100000.000	-1.0
20250720 03:00	13.0	13.0	13.0	65	6.6	3	8	356	0.0	733.8	-100000	-100000.000	-1.0
20250720 03:05	12.9	12.9	12.9	64	6.2	4	8	342	0.0	733.8	-100000	-100000.000	-1.0
20250720 03:10	12.9	12.9	12.9	65	6.5	3	7	356	0.0	733.8	-100000	-100000.000	-1.0
20250720 03:15	12.7	12.7	12.7	65	6.3	1	4	230	0.0	734.2	-100000	-100000.000	-1.0
20250720 03:20	12.6	12.6	12.6	57	4.3	1	3	241	0.0	734.2	-100000	-100000.000	-1.0
20250720 03:25	12.5	12.5	12.5	57	4.2	1	3	199	0.0	734.2	-100000	-100000.000	-1.0
20250720 03:30	12.3	12.3	12.3	58	4.3	1	3	266	0.0	734.2	-100000	-100000.000	-1.0
20250720 03:35	12.3	12.3	12.3	61	5.0	1	2	288	0.0	734.2	-100000	-100000.000	-1.0
20250720 03:40	12.2	12.2	12.2	65	5.8	1	6	248	0.0	734.2	-100000	-100000.000	-1.0
20250720 03:45	12.2	12.2	12.2	65	5.8	4	7	171	0.0	734.2	-100000	-100000.000	-1.0
20250720 03:50	12.6	12.6	12.6	64	5.9	3	6	162	0.0	734.2	-100000	-100000.000	-1.0
20250720 03:55	12.7	12.7	12.7	64	6.0	4	5	162	0.0	734.2	-100000	-100000.000	-1.0
20250720 04:00	12.7	12.7	12.7	64	6.0	5	7	162	0.0	734.2	-100000	-100000.000	-1.0
20250720 04:05	12.8	12.8	12.8	63	5.9	6	8	162	0.0	734.2	-100000	-100000.000	-1.0
20250720 04:10	12.8	12.8	12.8	63	5.9	6	8	156	0.0	734.2	-100000	-100000.000	-1.0
20250720 04:15	12.8	12.8	12.8	64	6.1	5	7	162	0.0	734.2	-100000	-100000.000	-1.0
20250720 04:20	12.8	12.8	12.8	63	5.9	3	5	160	0.0	734.2	-100000	-100000.000	-1.0
20250720 04:25	12.8	12.8	12.8	63	5.9	3	5	154	0.0	734.2	-100000	-100000.000	-1.0
20250720 04:30	12.7	12.7	12.7	64	6.0	3	5	144	0.0	734.2	-100000	-100000.000	-1.0
20250720 04:35	12.8	12.8	12.8	64	6.1	3	6	131	0.0	734.2	-100000	-100000.000	-1.0
20250720 04:40	12.8	12.8	12.8	65	6.4	3	6	123	0.0	734.5	-100000	-100000.000	-1.0
20250720 04:45	12.9	12.9	12.9	64	6.2	2	5	22	0.0	734.5	-100000	-100000.000	-1.0
20250720 04:50	12.9	12.9	12.9	64	6.2	2	6	14	0.0	734.5	-100000	-100000.000	-1.0
20250720 04:55	12.8	12.8	12.8	65	6.4	3	9	28	0.0	734.5	-100000	-100000.000	-1.0
20250720 05:00	12.9	12.9	12.9	65	6.5	4	9	19	0.0	734.5	-100000	-100000.000	-1.0
20250720 05:05	12.9	12.9	12.9	65	6.5	5	10	16	0.0	734.5	-100000	-100000.000	-1.0
20250720 05:10	12.9	12.9	12.9	65	6.5	6	11	12	0.0	734.5	-100000	-100000.000	-1.0
20250720 05:15	13.0	13.0	13.0	65	6.6	6	14	5	0.0	734.5	-100000	-100000.000	-1.0
20250720 05:20	13.0	13.0	13.0	65	6.6	8	14	12	0.0	734.5	-100000	-100000.000	-1.0
20250720 05:25	13.0	13.0	13.0	65	6.6	7	14	18	0.0	734.5	-100000	-100000.000	-1.0
20250720 05:30	13.0	13.0	13.0	64	6.3	8	14	7	0.0	734.5	-100000	-100000.000	-1.0
20250720 05:35	13.0	13.0	13.0	64	6.3	7	14	10	0.0	734.5	-100000	-100000.000	-1.0
20250720 05:40	13.0	13.0	13.0	64	6.3	7	13	10	0.0	734.5	-100000	-100000.000	-1.0
20250720 05:45	12.9	12.9	12.9	64	6.2	6	12	19	0.0	734.5	-100000	-100000.000	-1.0
20250720 05:50	12.9	12.9	12.9	65	6.5	5	10	19	0.0	734.5	-100000	-100000.000	-1.0
20250720 05:55	12.9	12.9	12.9	65	6.5	5	11	16	0.0	734.5	-100000	-100000.000	-1.0
20250720 06:00	12.8	12.8	12.8	65	6.4	5	11	27	0.0	734.5	-100000	-100000.000	-1.0
20250720 06:05	12.9	12.9	12.9	65	6.5	3	9	32	0.0	734.5	-100000	-100000.000	-1.0
20250720 06:10	12.9	12.9	12.9	66	6.7	5	12	52	0.0	734.5	-100000	-100000.000	-1.0
20250720 06:15	12.9	12.9	12.9	66	6.7	4	9	72	0.0	734.5	-100000	-100000.000	-1.0
20250720 06:20	13.0	13.0	13.0	66	6.8	4	10	93	0.0	734.5	-100000	-100000.000	-1.0
20250720 06:25	13.0	13.0	13.0	66	6.8	5	9	68	0.0	734.5	-100000	-100000.000	-1.0
20250720 06:30	13.0	13.0	13.0	66	6.8	5	12	55	0.0	734.5	-100000	-100000.000	-1.0
20250720 06:35	12.9	12.9	12.9	66	6.7	5	13	72	0.0	734.5	-100000	-100000.000	-1.0
20250720 06:40	12.9	12.9	12.9	66	6.7	5	13	70	0.0	734.5	-100000	-100000.000	-1.0
20250720 06:45	12.9	12.9	12.9	66	6.7	5	10	61	0.0	734.5	-100000	-100000.000	-1.0
20250720 06:50	12.9	12.9	12.9	66	6.7	5	11	59	0.0	734.5	-100000	-100000.000	-1.0
20250720 06:55	12.9	12.9	12.9	66	6.7	6	12	59	0.0	734.5	-100000	-100000.000	-1.0
20250720 07:00	12.9	12.9	12.9	66	6.7	6	12	64	0.0	734.5	-100000	-100000.000	-1.0
20250720 07:05	12.9	12.9	12.9	66	6.7	6	14	45	0.0	734.5	-100000	-100000.000	-1.0
20250720 07:10	12.8	12.8	12.8	66	6.6	5	14	50	0.0	734.5	-100000	-100000.000	-1.0
20250720 07:15	12.8	12.8	12.8	67	6.8	6	15	57	0.0	734.2	-100000	-100000.000	-1.0
20250720 07:20	12.7	12.7	12.7	68	6.9	6	13	50	0.0	734.2	-100000	-100000.000	-1.0
20250720 07:25	12.7	12.7	12.7	69	7.1	7	17	77	0.0	734.2	-100000	-100000.000	-1.0
20250720 07:30	12.7	12.7	12.7	69	7.1	7	18	59	0.0	734.2	-100000	-100000.000	-1.0
20250720 07:35	12.7	12.7	12.7	69	7.1	8	18	64	0.0	734.2	-100000	-100000.000	-1.0
20250720 07:40	12.7	12.7	12.7	70	7.3	7	15	57	0.0	734.2	-100000	-100000.000	-1.0
20250720 07:45	12.7	12.7	12.7	70	7.3	6	14	55	0.0	734.2	-100000	-100000.000	-1.0
20250720 07:50	12.7	12.7	12.7	70	7.3	8	16	52	0.0	734.2	-100000	-100000.000	-1.0
20250720 07:55	12.7	12.7	12.7	69	7.1	8	16	55	0.0	734.2	-100000	-100000.000	-1.0
20250720 08:00	12.8	12.8	12.8	69	7.2	8	16	54	0.0	734.2	-100000	-100000.000	-1.0
20250720 08:05	12.8	12.8	12.8	68	7.0	7	16	54	0.0	734.2	-100000	-100000.000	-1.0
20250720 08:10	12.8	12.8	12.8	67	6.8	6	18	68	0.0	734.2	-100000	-100000.000	-1.0
20250720 08:15	12.8	12.8	12.8	67	6.8	8	16	50	0.0	733.8	-100000	-100000.000	-1.0
20250720 08:20	12.9	12.9	12.9	67	6.9	5	14	52	0.0	733.8	-100000	-100000.000	-1.0
20250720 08:25	12.7	12.7	12.7	68	6.9	7	19	59	0.0	733.8	-100000	-100000.000	-1.0
20250720 08:30	12.7	12.7	12.7	66	6.5	7	14	45	0.0	733.8	-100000	-100000.000	-1.0
20250720 08:35	12.8	12.8	12.8	66	6.6	7	14	54	0.0	733.8	-100000	-100000.000	-1.0
20250720 08:40	12.8	12.8	12.8	65	6.4	5	14	52	0.0	733.8	-100000	-100000.000	-1.0
20250720 08:45	12.8	12.8	12.8	67	6.8	4	12	64	0.0	733.8	-100000	-100000.000	-1.0
20250720 08:50	12.7	12.7	12.7	65	6.3	6	15	72	0.0	733.8	-100000	-100000.000	-1.0
20250720 08:55	12.8	12.8	12.8	64	6.1	6	15	88	0.0	733.8	-100000	-100000.000	-1.0
20250720 09:00	12.8	12.8	12.8	62	5.7	8	15	97	0.0	733.8	-100000	-100000.000	-1.0
20250720 09:05	12.9	12.9	12.9	61	5.5	7	16	81	0.0	733.5	-100000	-100000.000	-1.0
20250720 09:10	13.0	13.0	13.0	60	5.4	6	14	84	0.0	733.5	-100000	-100000.000	-1.0
20250720 09:15	13.0	13.0	13.0	60	5.4	6	15	75	0.0	733.5	-100000	-100000.000	-1.0
20250720 09:20	13.0	13.0	13.0	60	5.4	7	14	68	0.0	733.5	-100000	-100000.000	-1.0
20250720 09:25	12.9	12.9	12.9	59	5.1	5	15	79	0.0	733.5	-100000	-100000.000	-1.0
20250720 09:30	12.9	12.9	12.9	60	5.3	7	12	48	0.0	733.5	-100000	-100000.000	-1.0
20250720 09:35	12.9	12.9	12.9	60	5.3	4	12	36	0.0	733.5	-100000	-100000.000	-1.0
20250720 09:40	12.8	12.8	12.8	59	5.0	5	9	68	0.0	733.5	-100000	-100000.000	-1.0
20250720 09:45	12.8	12.8	12.8	59	5.0	5	9	64	0.0	733.5	-100000	-100000.000	-1.0
20250720 09:50	12.8	12.8	12.8	58	4.7	4	9	43	0.0	733.5	-100000	-100000.000	-1.0
20250720 09:55	12.8	12.8	12.8	60	5.2	6	9	14	0.0	733.5	-100000	-100000.000	-1.0
20250720 10:00	12.5	12.5	12.5	64	5.9	7	10	18	0.0	733.5	-100000	-100000.000	-1.0
20250720 10:05	12.4	12.4	12.4	65	6.0	6	8	28	0.0	733.5	-100000	-100000.000	-1.0
20250720 10:10	12.3	12.3	12.3	65	5.9	7	10	16	0.0	733.5	-100000	-100000.000	-1.0
20250720 10:15	12.3	12.3	12.3	65	5.9	7	10	18	0.0	733.5	-100000	-100000.000	-1.0
20250720 10:20	12.3	12.3	12.3	65	5.9	8	11	18	0.0	733.5	-100000	-100000.000	-1.0
20250720 10:25	12.3	12.3	12.3	65	5.9	7	10	21	0.0	733.2	-100000	-100000.000	-1.0
20250720 10:30	12.3	12.3	12.3	63	5.4	6	11	19	0.0	733.2	-100000	-100000.000	-1.0
20250720 10:35	12.3	12.3	12.3	61	5.0	8	13	18	0.0	733.2	-100000	-100000.000	-1.0
20250720 10:40	12.3	12.3	12.3	63	5.4	9	13	18	0.0	733.2	-100000	-100000.000	-1.0
20250720 10:45	12.3	12.3	12.3	63	5.4	8	12	25	0.0	733.2	-100000	-100000.000	-1.0
20250720 10:50	12.2	12.2	12.2	64	5.6	8	13	19	0.0	733.2	-100000	-100000.000	-1.0
20250720 10:55	12.2	12.2	12.2	63	5.3	5	13	41	0.0	733.2	-100000	-100000.000	-1.0
20250720 11:00	12.3	12.3	12.3	61	5.0	7	16	34	0.0	733.2	-100000	-100000.000	-1.0
20250720 11:05	12.3	12.3	12.3	60	4.7	7	18	46	0.0	733.2	-100000	-100000.000	-1.0
20250720 11:10	12.4	12.4	12.4	53	3.1	6	18	66	0.0	733.2	-100000	-100000.000	-1.0
20250720 11:15	12.4	12.4	12.4	59	4.6	7	17	57	0.0	733.2	-100000	-100000.000	-1.0
20250720 11:20	12.4	12.4	12.4	57	4.1	6	15	78	0.0	733.2	-100000	-100000.000	-1.0
20250720 11:25	12.3	12.3	12.3	62	5.2	6	18	46	0.0	733.2	-100000	-100000.000	-1.0
20250720 11:30	12.3	12.3	12.3	58	4.3	7	17	43	0.0	733.2	-100000	-100000.000	-1.0
20250720 11:35	12.3	12.3	12.3	61	5.0	9	19	46	0.0	733.2	-100000	-100000.000	-1.0
20250720 11:40	12.3	12.3	12.3	61	5.0	9	16	45	0.0	733.2	-100000	-100000.000	-1.0
20250720 11:45	12.3	12.3	12.3	61	5.0	8	14	54	0.0	733.2	-100000	-100000.000	-1.0
20250720 11:50	12.3	12.3	12.3	61	5.0	7	15	21	0.0	733.2	-100000	-100000.000	-1.0
20250720 11:55	12.1	12.1	12.1	61	4.8	5	13	55	0.0	733.2	-100000	-100000.000	-1.0
20250720 12:00	12.1	12.1	12.1	61	4.8	6	16	37	0.0	733.2	-100000	-100000.000	-1.0
20250720 12:05	12.2	12.2	12.2	60	4.6	4	11	75	0.0	733.2	-100000	-100000.000	-1.0
20250720 12:10	12.1	12.1	12.1	60	4.5	6	15	41	0.0	733.2	-100000	-100000.000	-1.0
20250720 12:15	12.1	12.1	12.1	60	4.5	6	15	27	0.0	733.2	-100000	-100000.000	-1.0
20250720 12:20	12.1	12.1	12.1	60	4.5	8	18	61	0.0	733.2	-100000	-100000.000	-1.0
20250720 12:25	12.2	12.2	12.2	58	4.1	8	19	37	0.0	733.2	-100000	-100000.000	-1.0
20250720 12:30	12.2	12.2	12.2	59	4.4	8	16	41	0.0	733.2	-100000	-100000.000	-1.0
20250720 12:35	12.2	12.2	12.2	58	4.1	8	17	41	0.0	733.5	-100000	-100000.000	-1.0
20250720 12:40	12.1	12.1	12.1	61	4.8	6	15	43	0.0	733.5	-100000	-100000.000	-1.0
20250720 12:45	12.1	12.1	12.1	62	5.0	7	17	41	0.0	733.5	-100000	-100000.000	-1.0
20250720 12:50	12.0	12.0	12.0	62	4.9	6	17	23	0.0	733.5	-100000	-100000.000	-1.0
20250720 12:55	12.1	12.1	12.1	63	5.2	6	16	32	0.0	733.5	-100000	-100000.000	-1.0
20250720 13:00	12.1	12.1	12.1	64	5.5	6	20	48	0.0	733.5	-100000	-100000.000	-1.0
20250720 13:05	12.1	12.1	12.1	65	5.7	10	19	50	0.0	733.5	-100000	-100000.000	-1.0
20250720 13:10	12.2	12.2	12.2	64	5.6	8	18	36	0.0	733.5	-100000	-100000.000	-1.0
20250720 13:15	12.1	12.1	12.1	64	5.5	7	17	52	0.0	733.5	-100000	-100000.000	-1.0
20250720 13:20	12.2	12.2	12.2	64	5.6	10	20	30	0.0	733.5	-100000	-100000.000	-1.0
20250720 13:25	12.3	12.3	12.3	64	5.7	8	19	50	0.0	733.5	-100000	-100000.000	-1.0
20250720 13:30	12.3	12.3	12.3	63	5.4	10	19	7	0.0	733.5	-100000	-100000.000	-1.0
20250720 13:35	12.5	12.5	12.5	63	5.6	8	19	32	0.0	733.5	-100000	-100000.000	-1.0
20250720 13:40	12.7	12.7	12.7	62	5.6	8	19	16	0.0	733.5	-100000	-100000.000	-1.0
20250720 13:45	13.0	13.0	13.0	61	5.7	9	21	19	0.0	733.5	-100000	-100000.000	-1.0
20250720 13:50	13.2	13.2	13.2	60	5.6	8	22	12	0.0	733.5	-100000	-100000.000	-1.0
20250720 13:55	13.3	13.3	13.3	59	5.4	8	19	25	0.0	733.5	-100000	-100000.000	-1.0
20250720 14:00	13.4	13.4	13.4	59	5.5	7	19	9	0.0	733.5	-100000	-100000.000	-1.0
20250720 14:05	13.5	13.5	13.5	59	5.6	10	24	12	0.0	733.5	-100000	-100000.000	-1.0
20250720 14:10	13.5	13.5	13.5	57	5.1	12	23	16	0.0	733.5	-100000	-100000.000	-1.0
20250720 14:15	13.3	13.3	13.3	57	4.9	11	22	9	0.0	733.5	-100000	-100000.000	-1.0
20250720 14:20	13.6	13.6	13.6	56	4.9	9	19	0	0.0	733.5	-100000	-100000.000	-1.0
20250720 14:25	13.7	13.7	13.7	58	5.6	7	16	14	0.0	733.8	-100000	-100000.000	-1.0
20250720 14:30	13.8	13.8	13.8	57	5.4	6	18	10	0.0	733.8	-100000	-100000.000	-1.0
20250720 14:35	13.9	13.9	13.9	56	5.3	6	17	343	0.0	733.8	-100000	-100000.000	-1.0
20250720 14:40	14.1	14.1	14.1	54	4.9	11	18	352	0.0	733.8	-100000	-100000.000	-1.0
20250720 14:45	13.7	13.7	13.7	55	4.8	10	20	1	0.0	733.8	-100000	-100000.000	-1.0
20250720 14:50	13.6	13.6	13.6	56	4.9	7	15	5	0.0	733.8	-100000	-100000.000	-1.0
20250720 14:55	13.8	13.8	13.8	56	5.2	5	17	2	0.0	733.8	-100000	-100000.000	-1.0
20250720 15:00	14.1	14.1	14.1	54	4.9	5	13	0	0.0	733.8	-100000	-100000.000	-1.0
20250720 15:05	14.1	14.1	14.1	56	5.4	4	14	331	0.0	733.8	-100000	-100000.000	-1.0
20250720 15:10	14.4	14.4	14.4	55	5.5	6	15	347	0.0	733.8	-100000	-100000.000	-1.0
20250720 15:15	14.4	14.4	14.4	56	5.7	7	16	354	0.0	733.8	-100000	-100000.000	-1.0
20250720 15:20	14.2	14.2	14.2	57	5.8	6	18	354	0.0	734.2	-100000	-100000.000	-1.0
20250720 15:25	14.0	14.0	14.0	57	5.6	6	12	358	0.0	734.2	-100000	-100000.000	-1.0
20250720 15:30	14.2	14.2	14.2	57	5.8	4	10	357	0.0	734.2	-100000	-100000.000	-1.0
20250720 15:35	14.8	14.8	14.8	55	5.8	3	9	15	0.0	734.2	-100000	-100000.000	-1.0
20250720 15:40	15.1	15.1	15.1	55	6.1	4	13	18	0.0	734.2	-100000	-100000.000	-1.0
20250720 15:45	14.9	14.9	14.9	54	5.7	5	12	349	0.0	734.2	-100000	-100000.000	-1.0
20250720 15:50	14.8	14.8	14.8	54	5.6	5	12	358	0.0	734.2	-100000	-100000.000	-1.0
20250720 15:55	14.6	14.6	14.6	53	5.1	5	14	34	0.0	734.2	-100000	-100000.000	-1.0
20250720 16:00	14.4	14.4	14.4	53	4.9	5	14	352	0.0	734.2	-100000	-100000.000	-1.0
20250720 16:05	14.4	14.4	14.4	53	4.9	5	14	21	0.0	734.2	-100000	-100000.000	-1.0
20250720 16:10	14.5	14.5	14.5	53	5.0	8	15	351	0.0	734.2	-100000	-100000.000	-1.0
20250720 16:15	14.4	14.4	14.4	52	4.7	7	15	358	0.0	734.2	-100000	-100000.000	-1.0
20250720 16:20	14.3	14.3	14.3	53	4.8	7	14	1	0.0	734.2	-100000	-100000.000	-1.0
20250720 16:25	14.5	14.5	14.5	53	5.0	9	17	1	0.0	734.2	-100000	-100000.000	-1.0
20250720 16:30	14.4	14.4	14.4	53	4.9	8	16	0	0.0	734.2	-100000	-100000.000	-1.0
20250720 16:35	14.6	14.6	14.6	53	5.1	8	15	5	0.0	734.2	-100000	-100000.000	-1.0
20250720 16:40	14.7	14.7	14.7	52	4.9	9	18	10	0.0	734.2	-100000	-100000.000	-1.0
20250720 16:45	14.6	14.6	14.6	52	4.8	7	16	347	0.0	734.2	-100000	-100000.000	-1.0
20250720 16:50	15.0	15.0	15.0	51	4.9	8	17	349	0.0	734.2	-100000	-100000.000	-1.0
20250720 16:55	14.7	14.7	14.7	52	4.9	7	14	340	0.0	734.2	-100000	-100000.000	-1.0
20250720 17:00	15.1	15.1	15.1	51	5.0	8	16	14	0.0	734.2	-100000	-100000.000	-1.0
20250720 17:05	15.0	15.0	15.0	52	5.2	6	15	9	0.0	734.2	-100000	-100000.000	-1.0
20250720 17:10	15.6	15.6	15.6	51	5.5	8	20	7	0.0	734.2	-100000	-100000.000	-1.0
20250720 17:15	15.2	15.2	15.2	51	5.1	11	21	356	0.0	734.2	-100000	-100000.000	-1.0
20250720 17:20	15.0	15.0	15.0	51	4.9	8	17	16	0.0	734.2	-100000	-100000.000	-1.0
20250720 17:25	15.3	15.3	15.3	51	5.2	7	16	3	0.0	734.2	-100000	-100000.000	-1.0
20250720 17:30	15.8	15.8	15.8	50	5.4	6	19	14	0.0	734.2	-100000	-100000.000	-1.0
20250720 17:35	16.1	16.1	16.1	50	5.6	7	21	30	0.0	734.2	-100000	-100000.000	-1.0
20250720 17:40	15.6	15.6	15.6	50	5.2	11	22	5	0.0	734.2	-100000	-100000.000	-1.0
20250720 17:45	15.4	15.4	15.4	51	5.3	12	23	356	0.0	734.2	-100000	-100000.000	-1.0
20250720 17:50	15.4	15.4	15.4	51	5.3	13	26	354	0.0	734.2	-100000	-100000.000	-1.0
20250720 17:55	15.0	15.0	15.0	52	5.2	12	22	349	0.0	734.2	-100000	-100000.000	-1.0
20250720 18:00	14.9	14.9	14.9	53	5.4	11	24	356	0.0	734.2	-100000	-100000.000	-1.0
20250720 18:05	15.2	15.2	15.2	53	5.6	10	23	354	0.0	734.2	-100000	-100000.000	-1.0
20250720 18:10	15.1	15.1	15.1	52	5.3	9	21	3	0.0	734.2	-100000	-100000.000	-1.0
20250720 18:15	15.1	15.1	15.1	52	5.3	11	22	354	0.0	734.2	-100000	-100000.000	-1.0
20250720 18:20	15.4	15.4	15.4	52	5.6	11	21	352	0.0	734.2	-100000	-100000.000	-1.0
20250720 18:25	15.0	15.0	15.0	53	5.5	12	24	352	0.0	734.2	-100000	-100000.000	-1.0
20250720 18:30	15.0	15.0	15.0	53	5.5	12	23	351	0.0	734.2	-100000	-100000.000	-1.0
20250720 18:35	15.3	15.3	15.3	52	5.5	11	24	349	0.0	734.2	-100000	-100000.000	-1.0
20250720 18:40	15.3	15.3	15.3	52	5.5	13	24	345	0.0	734.2	-100000	-100000.000	-1.0
20250720 18:45	15.1	15.1	15.1	53	5.5	12	24	0	0.0	734.2	-100000	-100000.000	-1.0
20250720 18:50	15.2	15.2	15.2	53	5.6	10	21	352	0.0	734.2	-100000	-100000.000	-1.0
20250720 18:55	15.7	15.7	15.7	52	5.8	9	19	0	0.0	734.2	-100000	-100000.000	-1.0
20250720 19:00	15.4	15.4	15.4	51	5.3	11	19	358	0.0	734.2	-100000	-100000.000	-1.0
20250720 19:05	15.0	15.0	15.0	53	5.5	11	22	352	0.0	733.8	-100000	-100000.000	-1.0
20250720 19:10	15.9	15.9	15.9	51	5.8	12	24	352	0.0	734.2	-100000	-100000.000	-1.0
20250720 19:15	15.9	15.9	15.9	51	5.8	10	19	352	0.0	734.2	-100000	-100000.000	-1.0
20250720 19:20	15.1	15.1	15.1	53	5.5	12	24	352	0.0	733.8	-100000	-100000.000	-1.0
20250720 19:25	15.2	15.2	15.2	53	5.6	11	24	349	0.0	733.8	-100000	-100000.000	-1.0
20250720 19:30	14.8	14.8	14.8	54	5.6	11	24	343	0.0	733.8	-100000	-100000.000	-1.0
20250720 19:35	14.8	14.8	14.8	54	5.6	12	19	345	0.0	733.8	-100000	-100000.000	-1.0
20250720 19:40	14.8	14.8	14.8	54	5.6	9	16	358	0.0	733.8	-100000	-100000.000	-1.0
20250720 19:45	15.0	15.0	15.0	54	5.8	9	20	356	0.0	733.8	-100000	-100000.000	-1.0
20250720 19:50	15.1	15.1	15.1	54	5.8	11	24	0	0.0	733.8	-100000	-100000.000	-1.0
20250720 19:55	14.8	14.8	14.8	54	5.6	12	21	354	0.0	733.8	-100000	-100000.000	-1.0
20250720 20:00	14.6	14.6	14.6	54	5.4	9	18	1	0.0	733.8	-100000	-100000.000	-1.0
20250720 20:05	15.0	15.0	15.0	54	5.8	10	23	352	0.0	733.8	-100000	-100000.000	-1.0
20250720 20:10	14.7	14.7	14.7	54	5.5	10	22	347	0.0	733.8	-100000	-100000.000	-1.0
20250720 20:15	14.7	14.7	14.7	54	5.5	11	23	349	0.0	733.8	-100000	-100000.000	-1.0
20250720 20:20	15.1	15.1	15.1	58	6.9	12	27	351	0.0	733.8	-100000	-100000.000	-1.0
20250720 20:25	15.8	15.8	15.8	56	7.0	9	24	352	0.0	733.8	-100000	-100000.000	-1.0
20250720 20:30	15.5	15.5	15.5	60	7.8	13	24	334	0.0	733.8	-100000	-100000.000	-1.0
20250720 20:35	14.6	14.6	14.6	61	7.1	10	21	358	0.0	733.8	-100000	-100000.000	-1.0
20250720 20:40	14.7	14.7	14.7	63	7.7	12	23	3	0.0	733.8	-100000	-100000.000	-1.0
20250720 20:45	14.5	14.5	14.5	66	8.2	11	22	1	0.0	733.8	-100000	-100000.000	-1.0
20250720 20:50	14.3	14.3	14.3	68	8.5	13	27	347	0.0	733.8	-100000	-100000.000	-1.0
20250720 20:55	14.3	14.3	14.3	68	8.5	13	24	16	0.0	733.8	-100000	-100000.000	-1.0
20250720 21:00	14.3	14.3	14.3	67	8.2	10	25	352	0.0	733.8	-100000	-100000.000	-1.0
20250720 21:05	14.4	14.4	14.4	67	8.3	10	22	349	0.0	733.8	-100000	-100000.000	-1.0
20250720 21:10	14.4	14.4	14.4	67	8.3	10	23	1	0.0	733.5	-100000	-100000.000	-1.0
20250720 21:15	14.3	14.3	14.3	67	8.2	10	21	345	0.0	733.5	-100000	-100000.000	-1.0
20250720 21:20	14.4	14.4	14.4	66	8.1	8	17	342	0.0	733.5	-100000	-100000.000	-1.0
20250720 21:25	14.5	14.5	14.5	66	8.2	9	16	0	0.0	733.5	-100000	-100000.000	-1.0
20250720 21:30	14.3	14.3	14.3	66	8.0	8	20	358	0.0	733.5	-100000	-100000.000	-1.0
20250720 21:35	14.8	14.8	14.8	64	8.0	9	23	1	0.0	733.5	-100000	-100000.000	-1.0
20250720 21:40	15.3	15.3	15.3	63	8.3	11	21	358	0.0	733.5	-100000	-100000.000	-1.0
20250720 21:45	15.2	15.2	15.2	62	7.9	12	22	356	0.0	733.5	-100000	-100000.000	-1.0
20250720 21:50	14.4	14.4	14.4	63	7.4	9	19	5	0.0	733.5	-100000	-100000.000	-1.0
20250720 21:55	14.9	14.9	14.9	62	7.7	9	19	0	0.0	733.5	-100000	-100000.000	-1.0
20250720 22:00	14.9	14.9	14.9	62	7.7	10	23	10	0.0	733.5	-100000	-100000.000	-1.0
20250720 22:05	14.6	14.6	14.6	62	7.4	9	23	5	0.0	733.5	-100000	-100000.000	-1.0
20250720 22:10	14.5	14.5	14.5	63	7.5	8	18	5	0.0	733.5	-100000	-100000.000	-1.0
20250720 22:15	14.4	14.4	14.4	63	7.4	5	16	334	0.0	733.5	-100000	-100000.000	-1.0
20250720 22:20	14.5	14.5	14.5	63	7.5	9	19	1	0.0	733.5	-100000	-100000.000	-1.0
20250720 22:25	14.3	14.3	14.3	63	7.3	9	19	0	0.0	733.5	-100000	-100000.000	-1.0
20250720 22:30	14.3	14.3	14.3	62	7.1	10	17	3	0.0	733.5	-100000	-100000.000	-1.0
20250720 22:35	14.3	14.3	14.3	62	7.1	11	24	358	0.0	733.5	-100000	-100000.000	-1.0
20250720 22:40	14.3	14.3	14.3	60	6.6	11	24	351	0.0	733.2	-100000	-100000.000	-1.0
20250720 22:45	14.3	14.3	14.3	60	6.6	10	21	351	0.0	733.2	-100000	-100000.000	-1.0
20250720 22:50	14.2	14.2	14.2	60	6.5	9	18	356	0.0	733.2	-100000	-100000.000	-1.0
20250720 22:55	14.2	14.2	14.2	60	6.5	8	16	3	0.0	733.2	-100000	-100000.000	-1.0
20250720 23:00	14.1	14.1	14.1	60	6.4	8	16	352	0.0	733.2	-100000	-100000.000	-1.0
20250720 23:05	14.3	14.3	14.3	60	6.6	9	17	345	0.0	733.2	-100000	-100000.000	-1.0
20250720 23:10	14.2	14.2	14.2	59	6.3	7	14	343	0.0	733.2	-100000	-100000.000	-1.0
20250720 23:15	14.4	14.4	14.4	59	6.5	8	17	356	0.0	733.2	-100000	-100000.000	-1.0
20250720 23:20	14.5	14.5	14.5	58	6.3	7	17	358	0.0	733.2	-100000	-100000.000	-1.0
20250720 23:25	14.4	14.4	14.4	58	6.2	6	16	1	0.0	733.2	-100000	-100000.000	-1.0
20250720 23:30	14.4	14.4	14.4	58	6.2	5	16	347	0.0	733.2	-100000	-100000.000	-1.0
20250720 23:35	14.9	14.9	14.9	56	6.2	7	18	345	0.0	733.2	-100000	-100000.000	-1.0
20250720 23:40	14.7	14.7	14.7	56	6.0	7	18	354	0.0	732.8	-100000	-100000.000	-1.0
20250720 23:45	14.5	14.5	14.5	56	5.8	8	16	356	0.0	732.8	-100000	-100000.000	-1.0
20250720 23:50	14.5	14.5	14.5	55	5.6	9	17	1	0.0	732.8	-100000	-100000.000	-1.0
20250720 23:55	14.4	14.4	14.4	56	5.7	8	15	5	0.0	732.8	-100000	-100000.000	-1.0
