--Timestamp---	Temp	Chill	HIndex	Humid	Dewpt	 Wind 	HiWind	WindDir	Rain 	Barom	Solar	 ET  	 UV 
--------------	----	-----	------	-----	-----	------	------	-------	-----	-----	-----	-----	----
20250718 00:00	12.9	12.9	12.9	73	8.2	12	38	356	0.0	731.5	-100000	-100000.000	-1.0
20250718 00:05	13.0	13.0	13.0	73	8.3	13	33	352	0.0	731.5	-100000	-100000.000	-1.0
20250718 00:10	12.5	12.5	12.5	76	8.4	9	21	342	0.0	731.5	-100000	-100000.000	-1.0
20250718 00:15	12.6	12.6	12.6	76	8.4	12	31	352	0.0	731.5	-100000	-100000.000	-1.0
20250718 00:20	12.5	12.5	12.5	76	8.4	12	31	10	0.0	731.5	-100000	-100000.000	-1.0
20250718 00:25	12.3	12.3	12.3	77	8.4	15	30	1	0.0	731.5	-100000	-100000.000	-1.0
20250718 00:30	12.3	12.3	12.3	77	8.4	18	35	7	0.0	731.1	-100000	-100000.000	-1.0
20250718 00:35	12.0	12.0	12.0	79	8.5	18	32	3	0.0	731.5	-100000	-100000.000	-1.0
20250718 00:40	11.8	11.8	11.8	81	8.6	15	27	12	0.0	731.5	-100000	-100000.000	-1.0
20250718 00:45	11.8	11.8	11.8	79	8.3	14	27	5	0.0	731.5	-100000	-100000.000	-1.0
20250718 00:50	11.8	11.8	11.8	79	8.3	14	28	0	0.0	731.1	-100000	-100000.000	-1.0
20250718 00:55	11.8	11.8	11.8	80	8.4	13	25	358	0.0	731.1	-100000	-100000.000	-1.0
20250718 01:00	11.7	11.7	11.7	80	8.3	12	23	0	0.0	731.5	-100000	-100000.000	-1.0
20250718 01:05	11.7	11.7	11.7	82	8.7	11	20	356	0.0	731.5	-100000	-100000.000	-1.0
20250718 01:10	11.7	11.7	11.7	81	8.5	12	23	1	0.0	731.5	-100000	-100000.000	-1.0
20250718 01:15	11.7	11.7	11.7	80	8.3	14	25	10	0.0	731.5	-100000	-100000.000	-1.0
20250718 01:20	11.5	11.5	11.5	80	8.2	13	21	12	0.0	731.5	-100000	-100000.000	-1.0
20250718 01:25	11.6	11.6	11.6	81	8.4	11	17	3	0.0	731.5	-100000	-100000.000	-1.0
20250718 01:30	11.5	11.5	11.5	81	8.4	9	15	358	0.0	731.5	-100000	-100000.000	-1.0
20250718 01:35	11.5	11.5	11.5	81	8.4	9	15	5	0.0	731.5	-100000	-100000.000	-1.0
20250718 01:40	11.5	11.5	11.5	81	8.4	10	16	12	0.0	731.5	-100000	-100000.000	-1.0
20250718 01:45	11.5	11.5	11.5	81	8.4	6	13	23	0.0	731.5	-100000	-100000.000	-1.0
20250718 01:50	11.5	11.5	11.5	80	8.2	5	8	50	0.0	731.8	-100000	-100000.000	-1.0
20250718 01:55	11.7	11.7	11.7	79	8.1	4	7	55	0.0	731.8	-100000	-100000.000	-1.0
20250718 02:00	11.9	11.9	11.9	78	8.2	4	8	57	0.0	731.5	-100000	-100000.000	-1.0
20250718 02:05	12.2	12.2	12.2	78	8.4	4	7	36	0.0	731.5	-100000	-100000.000	-1.0
20250718 02:10	12.0	12.0	12.0	78	8.3	3	5	73	0.0	731.5	-100000	-100000.000	-1.0
20250718 02:15	12.3	12.3	12.3	72	7.4	3	7	120	0.0	731.8	-100000	-100000.000	-1.0
20250718 02:20	12.7	12.7	12.7	70	7.3	4	7	142	0.0	731.8	-100000	-100000.000	-1.0
20250718 02:25	12.8	12.8	12.8	69	7.2	4	8	142	0.0	731.8	-100000	-100000.000	-1.0
20250718 02:30	12.9	12.9	12.9	69	7.3	4	8	149	0.0	731.8	-100000	-100000.000	-1.0
20250718 02:35	13.0	13.0	13.0	69	7.4	4	6	111	0.0	731.8	-100000	-100000.000	-1.0
20250718 02:40	13.0	13.0	13.0	68	7.2	3	6	108	0.0	731.8	-100000	-100000.000	-1.0
20250718 02:45	13.1	13.1	13.1	68	7.3	2	5	99	0.0	731.8	-100000	-100000.000	-1.0
20250718 02:50	13.0	13.0	13.0	68	7.2	2	5	56	0.0	731.8	-100000	-100000.000	-1.0
20250718 02:55	13.0	13.0	13.0	70	7.7	5	8	12	0.0	731.8	-100000	-100000.000	-1.0
20250718 03:00	12.5	12.5	12.5	76	8.4	4	8	27	0.0	731.8	-100000	-100000.000	-1.0
20250718 03:05	12.2	12.2	12.2	76	8.1	5	10	32	0.0	731.8	-100000	-100000.000	-1.0
20250718 03:10	12.1	12.1	12.1	73	7.4	5	10	36	0.0	731.8	-100000	-100000.000	-1.0
20250718 03:15	12.3	12.3	12.3	70	7.0	4	9	28	0.0	731.8	-100000	-100000.000	-1.0
20250718 03:20	12.4	12.4	12.4	71	7.3	5	9	19	0.0	731.8	-100000	-100000.000	-1.0
20250718 03:25	12.2	12.2	12.2	75	7.9	6	12	36	0.0	731.8	-100000	-100000.000	-1.0
20250718 03:30	12.5	12.5	12.5	70	7.2	5	11	45	0.0	731.8	-100000	-100000.000	-1.0
20250718 03:35	12.6	12.6	12.6	69	7.0	4	8	54	0.0	731.8	-100000	-100000.000	-1.0
20250718 03:40	12.6	12.6	12.6	69	7.0	3	8	55	0.0	731.8	-100000	-100000.000	-1.0
20250718 03:45	12.6	12.6	12.6	69	7.0	4	9	64	0.0	731.8	-100000	-100000.000	-1.0
20250718 03:50	12.5	12.5	12.5	68	6.8	4	8	68	0.0	731.8	-100000	-100000.000	-1.0
20250718 03:55	12.6	12.6	12.6	68	6.8	5	12	63	0.0	731.8	-100000	-100000.000	-1.0
20250718 04:00	12.6	12.6	12.6	67	6.6	5	12	54	0.0	732.1	-100000	-100000.000	-1.0
20250718 04:05	12.6	12.6	12.6	63	5.7	6	11	68	0.0	732.1	-100000	-100000.000	-1.0
20250718 04:10	12.8	12.8	12.8	61	5.4	4	8	75	0.0	732.1	-100000	-100000.000	-1.0
20250718 04:15	12.8	12.8	12.8	57	4.5	5	9	79	0.0	732.1	-100000	-100000.000	-1.0
20250718 04:20	12.9	12.9	12.9	56	4.3	6	11	88	0.0	732.1	-100000	-100000.000	-1.0
20250718 04:25	12.9	12.9	12.9	56	4.3	7	13	90	0.0	732.1	-100000	-100000.000	-1.0
20250718 04:30	12.9	12.9	12.9	58	4.8	7	13	99	0.0	732.1	-100000	-100000.000	-1.0
20250718 04:35	12.9	12.9	12.9	56	4.3	7	12	108	0.0	732.1	-100000	-100000.000	-1.0
20250718 04:40	12.9	12.9	12.9	53	3.5	6	14	95	0.0	732.1	-100000	-100000.000	-1.0
20250718 04:45	12.9	12.9	12.9	59	5.1	6	13	57	0.0	732.1	-100000	-100000.000	-1.0
20250718 04:50	12.6	12.6	12.6	62	5.5	6	13	61	0.0	732.1	-100000	-100000.000	-1.0
20250718 04:55	12.6	12.6	12.6	61	5.2	5	14	118	0.0	732.1	-100000	-100000.000	-1.0
20250718 05:00	12.6	12.6	12.6	59	4.8	3	12	84	0.0	732.1	-100000	-100000.000	-1.0
20250718 05:05	12.6	12.6	12.6	59	4.8	4	11	50	0.0	732.1	-100000	-100000.000	-1.0
20250718 05:10	12.7	12.7	12.7	59	4.9	6	13	358	0.0	732.1	-100000	-100000.000	-1.0
20250718 05:15	12.5	12.5	12.5	66	6.3	6	15	358	0.0	732.1	-100000	-100000.000	-1.0
20250718 05:20	12.1	12.1	12.1	69	6.5	7	13	10	0.0	732.1	-100000	-100000.000	-1.0
20250718 05:25	11.8	11.8	11.8	72	6.9	7	14	14	0.0	732.1	-100000	-100000.000	-1.0
20250718 05:30	11.8	11.8	11.8	69	6.3	6	13	9	0.0	732.1	-100000	-100000.000	-1.0
20250718 05:35	11.6	11.6	11.6	76	7.5	8	15	12	0.0	732.1	-100000	-100000.000	-1.0
20250718 05:40	11.4	11.4	11.4	73	6.7	6	15	18	0.0	732.1	-100000	-100000.000	-1.0
20250718 05:45	11.5	11.5	11.5	74	7.0	5	12	16	0.0	732.1	-100000	-100000.000	-1.0
20250718 05:50	11.5	11.5	11.5	76	7.4	5	22	40	0.0	732.5	-100000	-100000.000	-1.0
20250718 05:55	11.6	11.6	11.6	69	6.1	8	16	61	0.0	732.5	-100000	-100000.000	-1.0
20250718 06:00	11.7	11.7	11.7	69	6.2	8	17	39	0.0	732.5	-100000	-100000.000	-1.0
20250718 06:05	11.7	11.7	11.7	70	6.4	4	13	94	0.0	732.5	-100000	-100000.000	-1.0
20250718 06:10	11.5	11.5	11.5	71	6.4	6	14	70	0.0	732.5	-100000	-100000.000	-1.0
20250718 06:15	11.5	11.5	11.5	70	6.2	9	23	59	0.0	732.5	-100000	-100000.000	-1.0
20250718 06:20	11.7	11.7	11.7	69	6.2	7	19	36	0.0	732.5	-100000	-100000.000	-1.0
20250718 06:25	11.7	11.7	11.7	67	5.7	8	17	54	0.0	732.5	-100000	-100000.000	-1.0
20250718 06:30	11.7	11.7	11.7	67	5.7	10	32	46	0.0	732.1	-100000	-100000.000	-1.0
20250718 06:35	11.7	11.7	11.7	68	6.0	14	33	37	0.0	732.1	-100000	-100000.000	-1.0
20250718 06:40	11.7	11.7	11.7	65	5.3	13	33	45	0.0	732.1	-100000	-100000.000	-1.0
20250718 06:45	11.7	11.7	11.7	62	4.6	11	33	48	0.0	732.1	-100000	-100000.000	-1.0
20250718 06:50	11.8	11.8	11.8	63	5.0	9	27	58	0.0	732.1	-100000	-100000.000	-1.0
20250718 06:55	11.7	11.7	11.7	63	4.9	9	22	1	0.0	731.8	-100000	-100000.000	-1.0
20250718 07:00	11.5	11.5	11.5	68	5.8	10	22	12	0.0	731.8	-100000	-100000.000	-1.0
20250718 07:05	11.3	11.3	11.3	67	5.4	11	25	21	0.0	731.8	-100000	-100000.000	-1.0
20250718 07:10	11.4	11.4	11.4	67	5.5	13	29	25	0.0	731.8	-100000	-100000.000	-1.0
20250718 07:15	11.5	11.5	11.5	64	4.9	11	26	28	0.0	731.8	-100000	-100000.000	-1.0
20250718 07:20	11.4	11.4	11.4	65	5.0	11	24	12	0.0	731.8	-100000	-100000.000	-1.0
20250718 07:25	11.5	11.5	11.5	64	4.9	10	22	23	0.0	731.8	-100000	-100000.000	-1.0
20250718 07:30	11.5	11.5	11.5	68	5.8	12	25	21	0.0	731.8	-100000	-100000.000	-1.0
20250718 07:35	11.4	11.4	11.4	64	4.8	11	24	25	0.0	731.8	-100000	-100000.000	-1.0
20250718 07:40	11.4	11.4	11.4	65	5.0	12	26	28	0.0	731.8	-100000	-100000.000	-1.0
20250718 07:45	11.3	11.3	11.3	65	4.9	10	22	36	0.0	731.8	-100000	-100000.000	-1.0
20250718 07:50	11.4	11.4	11.4	63	4.6	11	21	32	0.0	731.8	-100000	-100000.000	-1.0
20250718 07:55	11.4	11.4	11.4	63	4.6	10	25	28	0.0	731.8	-100000	-100000.000	-1.0
20250718 08:00	11.5	11.5	11.5	62	4.5	9	23	28	0.0	731.8	-100000	-100000.000	-1.0
20250718 08:05	11.5	11.5	11.5	61	4.2	10	28	45	0.0	731.8	-100000	-100000.000	-1.0
20250718 08:10	11.5	11.5	11.5	62	4.5	12	24	37	0.0	731.8	-100000	-100000.000	-1.0
20250718 08:15	11.5	11.5	11.5	63	4.7	13	25	27	0.0	731.8	-100000	-100000.000	-1.0
20250718 08:20	11.3	11.3	11.3	64	4.7	12	23	21	0.0	731.8	-100000	-100000.000	-1.0
20250718 08:25	11.3	11.3	11.3	63	4.5	12	27	25	0.0	731.8	-100000	-100000.000	-1.0
20250718 08:30	11.2	11.2	11.2	64	4.6	13	24	23	0.0	731.8	-100000	-100000.000	-1.0
20250718 08:35	11.1	11.1	11.1	66	4.9	11	27	30	0.0	731.8	-100000	-100000.000	-1.0
20250718 08:40	11.0	11.0	11.0	67	5.1	14	25	21	0.0	731.8	-100000	-100000.000	-1.0
20250718 08:45	11.0	11.0	11.0	67	5.1	15	27	18	0.0	731.8	-100000	-100000.000	-1.0
20250718 08:50	10.9	10.9	10.9	68	5.2	11	23	34	0.0	731.8	-100000	-100000.000	-1.0
20250718 08:55	10.8	10.8	10.8	67	4.9	8	23	44	0.0	731.8	-100000	-100000.000	-1.0
20250718 09:00	10.9	10.9	10.9	65	4.6	8	19	37	0.0	731.8	-100000	-100000.000	-1.0
20250718 09:05	10.9	10.9	10.9	64	4.3	9	22	50	0.0	731.8	-100000	-100000.000	-1.0
20250718 09:10	11.0	11.0	11.0	64	4.5	9	23	61	0.0	731.8	-100000	-100000.000	-1.0
20250718 09:15	11.3	11.3	11.3	57	3.1	11	22	43	0.0	731.8	-100000	-100000.000	-1.0
20250718 09:20	11.1	11.1	11.1	67	5.2	11	21	48	0.0	731.5	-100000	-100000.000	-1.0
20250718 09:25	11.1	11.1	11.1	60	3.6	11	20	39	0.0	731.5	-100000	-100000.000	-1.0
20250718 09:30	10.9	10.9	10.9	66	4.8	9	19	39	0.0	731.5	-100000	-100000.000	-1.0
20250718 09:35	10.7	10.7	10.7	64	4.1	8	20	37	0.0	731.5	-100000	-100000.000	-1.0
20250718 09:40	10.8	10.8	10.8	69	5.3	9	20	50	0.0	731.5	-100000	-100000.000	-1.0
20250718 09:45	10.7	10.7	10.7	61	3.5	9	24	39	0.0	731.5	-100000	-100000.000	-1.0
20250718 09:50	10.7	10.7	10.7	70	5.4	10	19	36	0.0	731.5	-100000	-100000.000	-1.0
20250718 09:55	10.4	10.4	10.4	64	3.9	10	22	66	0.0	731.5	-100000	-100000.000	-1.0
20250718 10:00	11.1	11.1	11.1	58	3.1	8	17	57	0.0	731.5	-100000	-100000.000	-1.0
20250718 10:05	11.2	11.2	11.2	60	3.7	9	26	66	0.0	731.5	-100000	-100000.000	-1.0
20250718 10:10	11.5	11.5	11.5	60	4.0	8	28	64	0.0	731.5	-100000	-100000.000	-1.0
20250718 10:15	11.6	11.6	11.6	52	2.0	11	29	91	0.0	731.5	-100000	-100000.000	-1.0
20250718 10:20	11.7	11.7	11.7	50	1.6	9	25	72	0.0	731.5	-100000	-100000.000	-1.0
20250718 10:25	11.6	11.6	11.6	50	1.5	10	32	79	0.0	731.5	-100000	-100000.000	-1.0
20250718 10:30	11.7	11.7	11.7	50	1.6	9	20	66	0.0	731.5	-100000	-100000.000	-1.0
20250718 10:35	11.4	11.4	11.4	50	1.3	10	25	81	0.0	731.5	-100000	-100000.000	-1.0
20250718 10:40	11.5	11.5	11.5	50	1.4	11	21	73	0.0	731.5	-100000	-100000.000	-1.0
20250718 10:45	11.5	11.5	11.5	48	0.9	9	26	73	0.0	731.5	-100000	-100000.000	-1.0
20250718 10:50	11.6	11.6	11.6	43	-0.6	8	23	95	0.0	731.5	-100000	-100000.000	-1.0
20250718 10:55	11.5	11.5	11.5	43	-0.6	11	25	79	0.0	731.1	-100000	-100000.000	-1.0
20250718 11:00	11.7	11.7	11.7	42	-0.8	12	26	86	0.0	731.5	-100000	-100000.000	-1.0
20250718 11:05	11.8	11.8	11.8	42	-0.7	8	25	75	0.0	731.5	-100000	-100000.000	-1.0
20250718 11:10	11.7	11.7	11.7	45	0.1	11	24	59	0.0	731.5	-100000	-100000.000	-1.0
20250718 11:15	11.5	11.5	11.5	46	0.3	9	26	72	0.0	731.5	-100000	-100000.000	-1.0
20250718 11:20	11.6	11.6	11.6	43	-0.6	13	27	102	0.0	731.1	-100000	-100000.000	-1.0
20250718 11:25	11.7	11.7	11.7	43	-0.5	10	23	90	0.0	731.1	-100000	-100000.000	-1.0
20250718 11:30	11.6	11.6	11.6	41	-1.2	10	25	97	0.0	731.1	-100000	-100000.000	-1.0
20250718 11:35	11.7	11.7	11.7	44	-0.2	10	31	84	0.0	731.5	-100000	-100000.000	-1.0
20250718 11:40	11.7	11.7	11.7	42	-0.8	10	26	86	0.0	731.5	-100000	-100000.000	-1.0
20250718 11:45	11.7	11.7	11.7	39	-1.8	11	28	91	0.0	731.5	-100000	-100000.000	-1.0
20250718 11:50	11.8	11.8	11.8	38	-2.1	11	25	70	0.0	731.5	-100000	-100000.000	-1.0
20250718 11:55	11.8	11.8	11.8	39	-1.7	10	26	52	0.0	731.5	-100000	-100000.000	-1.0
20250718 12:00	11.6	11.6	11.6	41	-1.2	8	22	81	0.0	731.5	-100000	-100000.000	-1.0
20250718 12:05	11.7	11.7	11.7	39	-1.8	8	20	111	0.0	731.5	-100000	-100000.000	-1.0
20250718 12:10	11.7	11.7	11.7	38	-2.2	9	18	90	0.0	731.5	-100000	-100000.000	-1.0
20250718 12:15	11.8	11.8	11.8	37	-2.4	8	19	77	0.0	731.5	-100000	-100000.000	-1.0
20250718 12:20	11.8	11.8	11.8	39	-1.7	6	19	82	0.0	731.8	-100000	-100000.000	-1.0
20250718 12:25	11.8	11.8	11.8	34	-3.6	8	21	91	0.0	731.8	-100000	-100000.000	-1.0
20250718 12:30	11.9	11.9	11.9	33	-3.9	8	17	99	0.0	731.8	-100000	-100000.000	-1.0
20250718 12:35	11.9	11.9	11.9	36	-2.7	7	19	122	0.0	731.8	-100000	-100000.000	-1.0
20250718 12:40	12.0	12.0	12.0	32	-4.2	7	23	108	0.0	731.8	-100000	-100000.000	-1.0
20250718 12:45	11.9	11.9	11.9	30	-5.1	11	28	117	0.0	731.8	-100000	-100000.000	-1.0
20250718 12:50	12.0	12.0	12.0	32	-4.2	9	23	118	0.0	731.8	-100000	-100000.000	-1.0
20250718 12:55	11.9	11.9	11.9	33	-3.9	9	22	117	0.0	731.8	-100000	-100000.000	-1.0
20250718 13:00	11.8	11.8	11.8	31	-4.8	10	24	129	0.0	731.8	-100000	-100000.000	-1.0
20250718 13:05	12.0	12.0	12.0	33	-3.8	10	24	124	0.0	731.8	-100000	-100000.000	-1.0
20250718 13:10	11.9	11.9	11.9	28	-6.0	9	23	104	0.0	731.8	-100000	-100000.000	-1.0
20250718 13:15	12.0	12.0	12.0	37	-2.2	8	16	95	0.0	731.8	-100000	-100000.000	-1.0
20250718 13:20	11.9	11.9	11.9	36	-2.7	7	18	81	0.0	731.8	-100000	-100000.000	-1.0
20250718 13:25	11.9	11.9	11.9	35	-3.1	7	19	104	0.0	731.8	-100000	-100000.000	-1.0
20250718 13:30	12.0	12.0	12.0	36	-2.6	5	12	131	0.0	731.8	-100000	-100000.000	-1.0
20250718 13:35	12.0	12.0	12.0	37	-2.2	6	14	118	0.0	732.1	-100000	-100000.000	-1.0
20250718 13:40	12.0	12.0	12.0	35	-3.0	7	22	122	0.0	732.1	-100000	-100000.000	-1.0
20250718 13:45	12.1	12.1	12.1	38	-1.8	7	22	104	0.0	732.1	-100000	-100000.000	-1.0
20250718 13:50	12.3	12.3	12.3	39	-1.3	6	15	120	0.0	732.1	-100000	-100000.000	-1.0
20250718 13:55	12.4	12.4	12.4	39	-1.2	6	14	106	0.0	732.1	-100000	-100000.000	-1.0
20250718 14:00	12.5	12.5	12.5	39	-1.1	5	13	20	0.0	732.1	-100000	-100000.000	-1.0
20250718 14:05	12.6	12.6	12.6	54	3.5	5	14	36	0.0	732.5	-100000	-100000.000	-1.0
20250718 14:10	12.5	12.5	12.5	51	2.6	7	20	61	0.0	732.5	-100000	-100000.000	-1.0
20250718 14:15	12.3	12.3	12.3	40	-0.9	8	20	100	0.0	732.5	-100000	-100000.000	-1.0
20250718 14:20	12.6	12.6	12.6	38	-1.4	7	15	116	0.0	732.5	-100000	-100000.000	-1.0
20250718 14:25	12.7	12.7	12.7	37	-1.6	7	19	144	0.0	732.5	-100000	-100000.000	-1.0
20250718 14:30	12.7	12.7	12.7	41	-0.2	7	13	140	0.0	732.5	-100000	-100000.000	-1.0
20250718 14:35	12.8	12.8	12.8	41	-0.1	8	16	142	0.0	732.5	-100000	-100000.000	-1.0
20250718 14:40	12.8	12.8	12.8	41	-0.1	6	15	154	0.0	732.5	-100000	-100000.000	-1.0
20250718 14:45	12.9	12.9	12.9	41	-0.0	8	14	162	0.0	732.5	-100000	-100000.000	-1.0
20250718 14:50	12.9	12.9	12.9	38	-1.1	5	15	177	0.0	732.5	-100000	-100000.000	-1.0
20250718 14:55	13.3	13.3	13.3	42	0.6	3	14	92	0.0	732.8	-100000	-100000.000	-1.0
20250718 15:00	13.8	13.8	13.8	50	3.5	6	18	126	0.0	732.8	-100000	-100000.000	-1.0
20250718 15:05	13.5	13.5	13.5	46	2.1	4	18	42	0.0	732.8	-100000	-100000.000	-1.0
20250718 15:10	13.4	13.4	13.4	58	5.3	5	12	101	0.0	732.8	-100000	-100000.000	-1.0
20250718 15:15	13.6	13.6	13.6	45	1.8	4	9	110	0.0	732.8	-100000	-100000.000	-1.0
20250718 15:20	13.8	13.8	13.8	54	4.6	3	9	68	0.0	732.8	-100000	-100000.000	-1.0
20250718 15:25	14.1	14.1	14.1	49	3.5	4	11	154	0.0	732.8	-100000	-100000.000	-1.0
20250718 15:30	14.2	14.2	14.2	44	2.1	6	14	163	0.0	732.8	-100000	-100000.000	-1.0
20250718 15:35	13.9	13.9	13.9	41	0.9	3	9	169	0.0	733.2	-100000	-100000.000	-1.0
20250718 15:40	14.4	14.4	14.4	58	6.2	3	7	144	0.0	733.2	-100000	-100000.000	-1.0
20250718 15:45	14.5	14.5	14.5	45	2.7	8	19	158	0.0	733.2	-100000	-100000.000	-1.0
20250718 15:50	14.0	14.0	14.0	48	3.2	8	19	178	0.0	733.2	-100000	-100000.000	-1.0
20250718 15:55	14.2	14.2	14.2	45	2.4	5	11	167	0.0	733.2	-100000	-100000.000	-1.0
20250718 16:00	14.7	14.7	14.7	40	1.2	7	16	192	0.0	733.2	-100000	-100000.000	-1.0
20250718 16:05	14.9	14.9	14.9	36	-0.1	6	14	199	0.0	733.2	-100000	-100000.000	-1.0
20250718 16:10	14.7	14.7	14.7	38	0.5	6	12	169	0.0	733.2	-100000	-100000.000	-1.0
20250718 16:15	15.3	15.3	15.3	40	1.8	5	15	172	0.0	733.2	-100000	-100000.000	-1.0
20250718 16:20	15.7	15.7	15.7	39	1.8	6	15	192	0.0	733.2	-100000	-100000.000	-1.0
20250718 16:25	15.4	15.4	15.4	37	0.8	8	18	174	0.0	733.2	-100000	-100000.000	-1.0
20250718 16:30	15.4	15.4	15.4	35	0.0	10	21	178	0.0	733.2	-100000	-100000.000	-1.0
20250718 16:35	15.1	15.1	15.1	34	-0.7	7	21	153	0.0	733.5	-100000	-100000.000	-1.0
20250718 16:40	15.6	15.6	15.6	36	0.5	4	10	210	0.0	733.5	-100000	-100000.000	-1.0
20250718 16:45	16.3	16.3	16.3	41	3.0	3	8	168	0.0	733.5	-100000	-100000.000	-1.0
20250718 16:50	16.8	16.8	16.8	39	2.7	5	17	187	0.0	733.5	-100000	-100000.000	-1.0
20250718 16:55	16.4	16.4	16.4	34	0.5	7	18	183	0.0	733.5	-100000	-100000.000	-1.0
20250718 17:00	16.0	16.0	16.0	35	0.5	8	21	190	0.0	733.5	-100000	-100000.000	-1.0
20250718 17:05	16.0	16.0	16.0	34	0.1	11	22	167	0.0	733.5	-100000	-100000.000	-1.0
20250718 17:10	15.5	15.5	15.5	35	0.1	10	19	181	0.0	733.5	-100000	-100000.000	-1.0
20250718 17:15	15.7	15.7	15.7	36	0.6	5	15	180	0.0	733.5	-100000	-100000.000	-1.0
20250718 17:20	16.5	16.5	16.5	36	1.4	4	12	226	0.0	733.5	-100000	-100000.000	-1.0
20250718 17:25	16.9	16.9	16.9	46	5.2	3	8	15	0.0	733.5	-100000	-100000.000	-1.0
20250718 17:30	16.1	16.1	16.1	52	6.2	2	9	315	0.0	733.5	-100000	-100000.000	-1.0
20250718 17:35	16.2	16.2	16.2	52	6.3	5	17	200	0.0	733.5	-100000	-100000.000	-1.0
20250718 17:40	16.7	16.7	16.7	31	-0.5	4	11	246	0.0	733.5	-100000	-100000.000	-1.0
20250718 17:45	17.2	17.2	17.2	32	0.3	4	14	213	0.0	733.5	-100000	-100000.000	-1.0
20250718 17:50	16.9	16.9	16.9	49	6.1	5	15	54	0.0	733.5	-100000	-100000.000	-1.0
20250718 17:55	15.8	15.8	15.8	47	4.5	4	16	355	0.0	733.5	-100000	-100000.000	-1.0
20250718 18:00	16.1	16.1	16.1	50	5.6	3	13	159	0.0	733.5	-100000	-100000.000	-1.0
20250718 18:05	16.4	16.4	16.4	46	4.7	4	12	242	0.0	733.5	-100000	-100000.000	-1.0
20250718 18:10	16.6	16.6	16.6	30	-1.1	8	25	180	0.0	733.5	-100000	-100000.000	-1.0
20250718 18:15	16.9	16.9	16.9	41	3.5	4	13	5	0.0	733.5	-100000	-100000.000	-1.0
20250718 18:20	15.8	15.8	15.8	40	2.2	4	16	195	0.0	733.5	-100000	-100000.000	-1.0
20250718 18:25	17.2	17.2	17.2	31	-0.1	3	12	176	0.0	733.5	-100000	-100000.000	-1.0
20250718 18:30	17.9	17.9	17.9	36	2.6	6	19	216	0.0	733.5	-100000	-100000.000	-1.0
20250718 18:35	17.7	17.7	17.7	29	-0.6	7	17	226	0.0	733.5	-100000	-100000.000	-1.0
20250718 18:40	17.8	17.8	17.8	31	0.4	5	17	196	0.0	733.5	-100000	-100000.000	-1.0
20250718 18:45	17.7	17.7	17.7	31	0.3	6	18	209	0.0	733.5	-100000	-100000.000	-1.0
20250718 18:50	17.8	17.8	17.8	32	0.9	4	16	222	0.0	733.5	-100000	-100000.000	-1.0
20250718 18:55	18.4	18.4	18.4	30	0.5	5	14	208	0.0	733.5	-100000	-100000.000	-1.0
20250718 19:00	18.1	18.1	18.1	31	0.7	6	16	234	0.0	733.5	-100000	-100000.000	-1.0
20250718 19:05	18.0	18.0	18.0	31	0.6	5	14	214	0.0	733.8	-100000	-100000.000	-1.0
20250718 19:10	18.1	18.1	18.1	31	0.7	4	14	354	0.0	733.8	-100000	-100000.000	-1.0
20250718 19:15	17.3	17.3	17.3	32	0.4	6	17	198	0.0	733.5	-100000	-100000.000	-1.0
20250718 19:20	17.8	17.8	17.8	30	-0.0	9	17	178	0.0	733.8	-100000	-100000.000	-1.0
20250718 19:25	17.3	17.3	17.3	32	0.4	4	15	238	0.0	733.8	-100000	-100000.000	-1.0
20250718 19:30	18.2	18.2	18.2	36	2.8	9	32	180	0.0	733.8	-100000	-100000.000	-1.0
20250718 19:35	18.3	18.3	18.3	30	0.4	6	16	198	0.0	733.8	-100000	-100000.000	-1.0
20250718 19:40	18.3	18.3	18.3	30	0.4	5	18	228	0.0	733.8	-100000	-100000.000	-1.0
20250718 19:45	18.5	18.5	18.5	28	-0.4	6	17	213	0.0	733.8	-100000	-100000.000	-1.0
20250718 19:50	17.5	17.5	17.5	39	3.4	4	10	117	0.0	733.5	-100000	-100000.000	-1.0
20250718 19:55	17.9	17.9	17.9	29	-0.4	5	14	210	0.0	733.5	-100000	-100000.000	-1.0
20250718 20:00	18.7	18.7	18.7	28	-0.2	4	12	194	0.0	733.5	-100000	-100000.000	-1.0
20250718 20:05	18.9	18.9	18.9	30	0.9	3	10	307	0.0	733.8	-100000	-100000.000	-1.0
20250718 20:10	18.3	18.3	18.3	37	3.3	5	12	30	0.0	733.5	-100000	-100000.000	-1.0
20250718 20:15	15.4	15.4	15.4	42	2.5	6	16	340	0.0	733.5	-100000	-100000.000	-1.0
20250718 20:20	15.6	15.6	15.6	41	2.4	6	15	340	0.0	733.5	-100000	-100000.000	-1.0
20250718 20:25	15.6	15.6	15.6	41	2.4	5	12	40	0.0	733.5	-100000	-100000.000	-1.0
20250718 20:30	15.7	15.7	15.7	41	2.5	5	17	0	0.0	733.5	-100000	-100000.000	-1.0
20250718 20:35	16.0	16.0	16.0	40	2.4	4	10	324	0.0	733.5	-100000	-100000.000	-1.0
20250718 20:40	16.6	16.6	16.6	39	2.5	6	16	1	0.0	733.5	-100000	-100000.000	-1.0
20250718 20:45	16.1	16.1	16.1	40	2.5	7	17	12	0.0	733.5	-100000	-100000.000	-1.0
20250718 20:50	15.2	15.2	15.2	41	2.0	7	14	0	0.0	733.5	-100000	-100000.000	-1.0
20250718 20:55	15.8	15.8	15.8	40	2.2	6	15	0	0.0	733.5	-100000	-100000.000	-1.0
20250718 21:00	16.0	16.0	16.0	40	2.4	9	15	1	0.0	733.5	-100000	-100000.000	-1.0
20250718 21:05	16.0	16.0	16.0	40	2.4	10	18	347	0.0	733.5	-100000	-100000.000	-1.0
20250718 21:10	15.8	15.8	15.8	40	2.2	11	22	351	0.0	733.5	-100000	-100000.000	-1.0
20250718 21:15	15.5	15.5	15.5	40	2.0	9	20	356	0.0	733.5	-100000	-100000.000	-1.0
20250718 21:20	15.9	15.9	15.9	40	2.3	10	20	349	0.0	733.5	-100000	-100000.000	-1.0
20250718 21:25	15.5	15.5	15.5	41	2.3	10	24	352	0.0	733.5	-100000	-100000.000	-1.0
20250718 21:30	16.1	16.1	16.1	40	2.5	9	22	354	0.0	733.5	-100000	-100000.000	-1.0
20250718 21:35	16.1	16.1	16.1	39	2.1	14	28	342	0.0	733.5	-100000	-100000.000	-1.0
20250718 21:40	15.5	15.5	15.5	40	2.0	10	25	340	0.0	733.5	-100000	-100000.000	-1.0
20250718 21:45	15.6	15.6	15.6	40	2.0	13	28	352	0.0	733.5	-100000	-100000.000	-1.0
20250718 21:50	15.6	15.6	15.6	40	2.0	13	26	3	0.0	733.5	-100000	-100000.000	-1.0
20250718 21:55	15.4	15.4	15.4	40	1.9	14	24	356	0.0	733.5	-100000	-100000.000	-1.0
20250718 22:00	15.5	15.5	15.5	40	2.0	12	28	356	0.0	733.2	-100000	-100000.000	-1.0
20250718 22:05	15.8	15.8	15.8	39	1.8	14	28	351	0.0	733.5	-100000	-100000.000	-1.0
20250718 22:10	15.8	15.8	15.8	39	1.8	12	24	349	0.0	733.5	-100000	-100000.000	-1.0
20250718 22:15	15.9	15.9	15.9	39	1.9	14	27	1	0.0	733.2	-100000	-100000.000	-1.0
20250718 22:20	15.7	15.7	15.7	39	1.8	13	25	7	0.0	733.5	-100000	-100000.000	-1.0
20250718 22:25	15.7	15.7	15.7	39	1.8	13	29	0	0.0	733.2	-100000	-100000.000	-1.0
20250718 22:30	15.8	15.8	15.8	41	2.6	13	30	352	0.0	733.2	-100000	-100000.000	-1.0
20250718 22:35	15.9	15.9	15.9	42	3.0	14	27	356	0.0	733.2	-100000	-100000.000	-1.0
20250718 22:40	15.4	15.4	15.4	42	2.5	14	32	351	0.0	733.2	-100000	-100000.000	-1.0
20250718 22:45	15.4	15.4	15.4	43	2.9	13	24	0	0.0	733.2	-100000	-100000.000	-1.0
20250718 22:50	15.7	15.7	15.7	45	3.8	12	27	358	0.0	733.2	-100000	-100000.000	-1.0
20250718 22:55	15.8	15.8	15.8	45	3.9	12	28	343	0.0	733.2	-100000	-100000.000	-1.0
20250718 23:00	15.3	15.3	15.3	45	3.4	14	28	349	0.0	732.8	-100000	-100000.000	-1.0
20250718 23:05	14.9	14.9	14.9	45	3.1	13	26	354	0.0	733.2	-100000	-100000.000	-1.0
20250718 23:10	14.8	14.8	14.8	46	3.3	11	24	354	0.0	732.8	-100000	-100000.000	-1.0
20250718 23:15	15.0	15.0	15.0	45	3.2	11	20	358	0.0	733.2	-100000	-100000.000	-1.0
20250718 23:20	14.7	14.7	14.7	46	3.2	10	21	7	0.0	733.2	-100000	-100000.000	-1.0
20250718 23:25	14.9	14.9	14.9	46	3.4	10	19	356	0.0	733.2	-100000	-100000.000	-1.0
20250718 23:30	15.3	15.3	15.3	46	3.7	8	20	345	0.0	732.8	-100000	-100000.000	-1.0
20250718 23:35	16.0	16.0	16.0	45	4.1	9	23	342	0.0	732.8	-100000	-100000.000	-1.0
20250718 23:40	15.9	15.9	15.9	44	3.6	10	19	354	0.0	732.8	-100000	-100000.000	-1.0
20250718 23:45	15.4	15.4	15.4	45	3.5	12	23	349	0.0	732.8	-100000	-100000.000	-1.0
20250718 23:50	15.4	15.4	15.4	46	3.8	10	20	351	0.0	732.8	-100000	-100000.000	-1.0
20250718 23:55	15.4	15.4	15.4	46	3.8	10	21	356	0.0	732.8	-100000	-100000.000	-1.0
