--Timestamp---	Temp	Chill	HIndex	Humid	Dewpt	 Wind 	HiWind	WindDir	Rain 	Barom	Solar	 ET  	 UV 
--------------	----	-----	------	-----	-----	------	------	-------	-----	-----	-----	-----	----
20250815 00:00	20.3	20.3	20.3	52	10.1	8	16	0	0.0	734.7	686	0.457	3.2
20250815 00:05	20.1	20.1	20.1	53	10.2	8	19	22	0.0	734.7	667	0.000	3.1
20250815 00:10	19.9	19.9	19.9	53	10.0	6	16	22	0.0	734.7	666	0.000	2.9
20250815 00:15	19.7	19.7	19.7	54	10.1	8	16	22	0.0	734.6	637	0.000	2.6
20250815 00:20	19.6	19.6	19.6	50	8.8	10	18	22	0.0	734.6	641	0.000	2.6
20250815 00:25	19.4	19.4	19.4	52	9.3	5	13	22	0.0	734.6	580	0.000	2.4
20250815 00:30	19.7	19.7	19.7	53	9.8	8	18	0	0.0	734.5	541	0.000	2.3
20250815 00:35	19.8	19.8	19.8	53	10.0	5	14	0	0.0	734.5	506	0.000	2.1
20250815 00:40	20.1	20.1	20.1	53	10.2	5	14	338	0.0	734.5	461	0.000	1.9
20250815 00:45	19.8	19.8	19.8	55	10.5	8	13	22	0.0	734.4	412	0.000	1.7
20250815 00:50	19.4	19.4	19.4	56	10.4	6	16	22	0.0	734.4	380	0.000	1.6
20250815 00:55	19.2	19.2	19.2	57	10.4	6	13	22	0.0	734.4	361	0.000	1.4
20250815 01:00	19.3	19.3	19.3	46	7.4	3	11	0	0.0	734.4	341	0.356	1.2
20250815 01:05	19.3	19.3	19.3	44	6.8	5	14	22	0.0	734.5	310	0.000	1.1
20250815 01:10	19.3	19.3	19.3	49	8.3	5	14	22	0.0	734.5	293	0.000	1.0
20250815 01:15	18.9	18.9	18.9	43	6.1	6	14	22	0.0	734.4	266	0.000	0.9
20250815 01:20	18.8	18.8	18.8	43	6.0	5	14	0	0.0	734.4	244	0.000	0.8
20250815 01:25	18.8	18.8	18.8	43	5.9	5	10	0	0.0	734.4	223	0.000	0.7
20250815 01:30	18.7	18.7	18.7	42	5.5	5	16	315	0.0	734.4	204	0.000	0.6
20250815 01:35	18.5	18.5	18.5	42	5.3	5	14	315	0.0	734.4	183	0.000	0.5
20250815 01:40	18.5	18.5	18.5	41	5.0	3	10	338	0.0	734.4	163	0.000	0.2
20250815 01:45	18.4	18.4	18.4	41	4.9	5	13	292	0.0	734.3	142	0.000	0.0
20250815 01:50	18.1	18.1	18.1	42	4.9	5	18	315	0.0	734.3	115	0.000	0.0
20250815 01:55	17.9	17.9	17.9	42	4.8	3	14	315	0.0	734.3	95	0.000	0.0
20250815 02:00	17.4	17.4	17.4	43	4.7	6	16	292	0.0	734.4	78	0.152	0.0
20250815 02:05	17.0	17.0	17.0	43	4.3	8	16	270	0.0	734.4	41	0.000	0.0
20250815 02:10	16.8	16.8	16.8	44	4.5	5	13	315	0.0	734.3	36	0.000	0.0
20250815 02:15	16.6	16.6	16.6	44	4.3	6	13	270	0.0	734.3	32	0.000	0.0
20250815 02:20	16.4	16.4	16.4	44	4.1	6	16	292	0.0	734.4	19	0.000	0.0
20250815 02:25	16.2	16.2	16.2	44	3.9	5	10	270	0.0	734.4	11	0.000	0.0
20250815 02:30	15.8	15.8	15.8	44	3.6	6	13	270	0.0	734.4	6	0.000	0.0
20250815 02:35	15.7	15.7	15.7	45	3.8	5	13	270	0.0	734.4	1	0.000	0.0
20250815 02:40	15.4	15.4	15.4	45	3.6	6	14	225	0.0	734.5	0	0.000	0.0
20250815 02:45	15.3	15.3	15.3	46	3.7	6	14	270	0.0	734.5	0	0.000	0.0
20250815 02:50	15.2	15.2	15.2	46	3.6	10	14	270	0.0	734.5	0	0.000	0.0
20250815 02:55	14.9	14.9	14.9	47	3.7	8	13	225	0.0	734.5	0	0.000	0.0
20250815 03:00	14.8	14.8	14.8	46	3.3	8	19	270	0.0	734.5	0	0.051	0.0
20250815 03:05	14.6	14.6	14.6	46	3.1	8	16	248	0.0	734.5	0	0.000	0.0
20250815 03:10	14.6	14.6	14.6	45	2.8	10	16	270	0.0	734.6	0	0.000	0.0
20250815 03:15	14.4	14.4	14.4	45	2.7	10	18	270	0.0	734.6	0	0.000	0.0
20250815 03:20	14.4	14.4	14.4	45	2.6	8	18	248	0.0	734.7	0	0.000	0.0
20250815 03:25	14.3	14.3	14.3	44	2.2	10	16	248	0.0	734.6	0	0.000	0.0
20250815 03:30	14.2	14.2	14.2	44	2.1	10	23	248	0.0	734.6	0	0.000	0.0
20250815 03:35	14.2	14.2	14.2	44	2.1	11	18	225	0.0	734.6	0	0.000	0.0
20250815 03:40	14.1	14.1	14.1	44	2.0	10	16	248	0.0	734.6	0	0.000	0.0
20250815 03:45	13.9	13.9	13.9	44	1.9	10	18	248	0.0	734.7	0	0.000	0.0
20250815 03:50	13.9	13.9	13.9	42	1.2	10	18	225	0.0	734.7	0	0.000	0.0
20250815 03:55	13.9	13.9	13.9	40	0.6	8	16	248	0.0	734.8	0	0.000	0.0
20250815 04:00	14.0	14.0	14.0	39	0.3	6	11	270	0.0	734.9	0	0.076	0.0
20250815 04:05	14.1	14.1	14.1	35	-1.2	6	14	270	0.0	734.9	0	0.000	0.0
20250815 04:10	14.1	14.1	14.1	36	-0.7	8	21	225	0.0	734.9	0	0.000	0.0
20250815 04:15	14.1	14.1	14.1	37	-0.4	8	16	270	0.0	735.0	0	0.000	0.0
20250815 04:20	14.2	14.2	14.2	37	-0.3	10	18	292	0.0	735.0	0	0.000	0.0
20250815 04:25	14.3	14.3	14.3	37	-0.2	6	19	270	0.0	735.0	0	0.000	0.0
20250815 04:30	14.3	14.3	14.3	37	-0.2	6	16	270	0.0	735.1	0	0.000	0.0
20250815 04:35	14.3	14.3	14.3	36	-0.5	6	14	248	0.0	735.2	0	0.000	0.0
20250815 04:40	14.4	14.4	14.4	36	-0.5	10	18	270	0.0	735.2	0	0.000	0.0
20250815 04:45	14.3	14.3	14.3	36	-0.5	6	16	292	0.0	735.2	0	0.000	0.0
20250815 04:50	14.4	14.4	14.4	39	0.6	6	14	292	0.0	735.2	0	0.000	0.0
20250815 04:55	14.3	14.3	14.3	37	-0.2	6	14	270	0.0	735.2	0	0.000	0.0
20250815 05:00	14.3	14.3	14.3	38	0.2	5	13	270	0.0	735.2	0	0.076	0.0
20250815 05:05	14.3	14.3	14.3	39	0.6	5	11	270	0.0	735.3	0	0.000	0.0
20250815 05:10	14.3	14.3	14.3	39	0.6	5	11	292	0.0	735.4	0	0.000	0.0
20250815 05:15	14.3	14.3	14.3	38	0.2	5	11	270	0.0	735.5	0	0.000	0.0
20250815 05:20	14.3	14.3	14.3	38	0.2	5	14	292	0.0	735.4	0	0.000	0.0
20250815 05:25	14.4	14.4	14.4	36	-0.4	8	14	270	0.0	735.4	0	0.000	0.0
20250815 05:30	14.5	14.5	14.5	37	-0.0	5	13	248	0.0	735.4	0	0.000	0.0
20250815 05:35	14.6	14.6	14.6	36	-0.3	6	16	270	0.0	735.4	0	0.000	0.0
20250815 05:40	14.6	14.6	14.6	36	-0.3	5	14	270	0.0	735.3	0	0.000	0.0
20250815 05:45	14.6	14.6	14.6	36	-0.3	5	13	292	0.0	735.3	0	0.000	0.0
20250815 05:50	14.6	14.6	14.6	35	-0.7	5	13	270	0.0	735.3	0	0.000	0.0
20250815 05:55	14.6	14.6	14.6	39	0.8	8	16	248	0.0	735.3	0	0.000	0.0
20250815 06:00	14.7	14.7	14.7	38	0.5	8	16	248	0.0	735.3	0	0.076	0.0
20250815 06:05	14.7	14.7	14.7	39	0.9	10	18	248	0.0	735.2	0	0.000	0.0
20250815 06:10	14.7	14.7	14.7	40	1.3	11	16	248	0.0	735.3	0	0.000	0.0
20250815 06:15	14.7	14.7	14.7	38	0.5	11	14	248	0.0	735.2	0	0.000	0.0
20250815 06:20	14.7	14.7	14.7	39	0.9	11	18	248	0.0	735.2	0	0.000	0.0
20250815 06:25	14.8	14.8	14.8	40	1.3	11	14	248	0.0	735.1	0	0.000	0.0
20250815 06:30	14.7	14.7	14.7	40	1.2	10	14	225	0.0	735.0	0	0.000	0.0
20250815 06:35	14.6	14.6	14.6	40	1.2	13	18	248	0.0	735.0	0	0.000	0.0
20250815 06:40	14.7	14.7	14.7	39	0.9	13	19	248	0.0	735.1	0	0.000	0.0
20250815 06:45	14.7	14.7	14.7	39	0.9	10	18	248	0.0	735.0	0	0.000	0.0
20250815 06:50	14.6	14.6	14.6	40	1.1	11	16	225	0.0	735.0	0	0.000	0.0
20250815 06:55	14.6	14.6	14.6	40	1.1	11	19	248	0.0	735.0	0	0.000	0.0
20250815 07:00	14.6	14.6	14.6	40	1.2	11	18	248	0.0	734.9	0	0.076	0.0
20250815 07:05	14.6	14.6	14.6	40	1.2	13	18	248	0.0	734.8	0	0.000	0.0
20250815 07:10	14.6	14.6	14.6	40	1.2	13	19	248	0.0	734.8	0	0.000	0.0
20250815 07:15	14.6	14.6	14.6	40	1.2	14	19	248	0.0	734.8	0	0.000	0.0
20250815 07:20	14.6	14.6	14.6	40	1.1	14	19	248	0.0	734.8	0	0.000	0.0
20250815 07:25	14.6	14.6	14.6	41	1.5	14	23	248	0.0	734.7	0	0.000	0.0
20250815 07:30	14.5	14.5	14.5	41	1.4	14	23	248	0.0	734.7	0	0.000	0.0
20250815 07:35	14.4	14.4	14.4	41	1.4	16	21	248	0.0	734.7	0	0.000	0.0
20250815 07:40	14.5	14.5	14.5	41	1.4	14	23	248	0.0	734.7	0	0.000	0.0
20250815 07:45	14.3	14.3	14.3	41	1.3	16	21	225	0.0	734.7	0	0.000	0.0
20250815 07:50	14.3	14.3	14.3	41	1.3	16	24	225	0.0	734.5	0	0.000	0.0
20250815 07:55	14.3	14.3	14.3	41	1.2	16	24	225	0.0	734.6	0	0.000	0.0
20250815 08:00	14.2	14.2	14.2	41	1.1	16	21	225	0.0	734.6	0	0.102	0.0
20250815 08:05	14.2	14.2	14.2	41	1.2	16	19	225	0.0	734.5	0	0.000	0.0
20250815 08:10	14.2	14.2	14.2	41	1.1	16	21	225	0.0	734.5	0	0.000	0.0
20250815 08:15	14.2	14.2	14.2	41	1.2	16	24	225	0.0	734.5	0	0.000	0.0
20250815 08:20	14.2	14.2	14.2	41	1.2	16	23	225	0.0	734.4	0	0.000	0.0
20250815 08:25	14.2	14.2	14.2	41	1.1	16	21	225	0.0	734.4	0	0.000	0.0
20250815 08:30	14.3	14.3	14.3	41	1.2	16	24	225	0.0	734.4	0	0.000	0.0
20250815 08:35	14.3	14.3	14.3	41	1.2	16	23	225	0.0	734.3	0	0.000	0.0
20250815 08:40	14.2	14.2	14.2	41	1.1	18	26	225	0.0	734.4	0	0.000	0.0
20250815 08:45	14.1	14.1	14.1	40	0.7	18	26	225	0.0	734.2	0	0.000	0.0
20250815 08:50	14.1	14.1	14.1	40	0.7	19	26	225	0.0	734.2	0	0.000	0.0
20250815 08:55	14.2	14.2	14.2	40	0.8	19	26	225	0.0	734.1	0	0.000	0.0
20250815 09:00	14.2	14.2	14.2	40	0.8	19	26	225	0.0	734.1	0	0.102	0.0
20250815 09:05	14.2	14.2	14.2	39	0.4	19	26	225	0.0	734.1	0	0.000	0.0
20250815 09:10	14.2	14.2	14.2	39	0.4	19	27	225	0.0	734.2	0	0.000	0.0
20250815 09:15	14.1	14.1	14.1	39	0.3	18	23	225	0.0	734.2	0	0.000	0.0
20250815 09:20	14.1	14.1	14.1	38	-0.0	19	26	225	0.0	734.1	0	0.000	0.0
20250815 09:25	14.2	14.2	14.2	38	0.1	19	27	225	0.0	734.1	0	0.000	0.0
20250815 09:30	14.2	14.2	14.2	38	0.1	21	26	225	0.0	734.1	0	0.000	0.0
20250815 09:35	14.1	14.1	14.1	39	0.3	21	27	225	0.0	734.0	0	0.000	0.0
20250815 09:40	14.1	14.1	14.1	38	0.0	21	31	225	0.0	734.0	0	0.000	0.0
20250815 09:45	14.1	14.1	14.1	38	0.0	23	29	225	0.0	734.0	0	0.000	0.0
20250815 09:50	14.1	14.1	14.1	38	0.0	23	31	225	0.0	733.9	0	0.000	0.0
20250815 09:55	14.1	14.1	14.1	38	0.0	23	27	225	0.0	733.9	0	0.000	0.0
20250815 10:00	14.2	14.2	14.2	39	0.4	23	32	225	0.0	733.9	0	0.127	0.0
20250815 10:05	14.2	14.2	14.2	39	0.4	23	31	225	0.0	733.9	0	0.000	0.0
20250815 10:10	14.1	14.1	14.1	39	0.3	23	32	225	0.0	733.8	0	0.000	0.0
20250815 10:15	14.0	14.0	14.0	39	0.3	21	29	225	0.0	733.8	0	0.000	0.0
20250815 10:20	14.0	14.0	14.0	39	0.3	23	32	225	0.0	733.7	0	0.000	0.0
20250815 10:25	14.0	14.0	14.0	39	0.3	19	29	225	0.0	733.8	0	0.000	0.0
20250815 10:30	14.0	14.0	14.0	38	-0.1	23	34	225	0.0	733.7	0	0.000	0.0
20250815 10:35	14.0	14.0	14.0	38	-0.1	23	27	225	0.0	733.7	0	0.000	0.0
20250815 10:40	13.9	13.9	13.9	38	-0.1	19	27	225	0.0	733.7	0	0.000	0.0
20250815 10:45	13.8	13.8	13.8	38	-0.2	19	26	225	0.0	733.7	0	0.000	0.0
20250815 10:50	13.8	13.8	13.8	37	-0.6	18	26	225	0.0	733.7	0	0.000	0.0
20250815 10:55	13.8	13.8	13.8	38	-0.2	19	29	225	0.0	733.6	0	0.000	0.0
20250815 11:00	13.7	13.7	13.7	38	-0.3	21	29	225	0.0	733.6	0	0.127	0.0
20250815 11:05	13.7	13.7	13.7	38	-0.3	21	29	225	0.0	733.5	0	0.000	0.0
20250815 11:10	13.7	13.7	13.7	38	-0.4	23	31	225	0.0	733.5	0	0.000	0.0
20250815 11:15	13.6	13.6	13.6	38	-0.4	21	32	225	0.0	733.5	0	0.000	0.0
20250815 11:20	13.5	13.5	13.5	38	-0.5	19	27	225	0.0	733.5	0	0.000	0.0
20250815 11:25	13.5	13.5	13.5	37	-0.9	21	31	225	0.0	733.5	0	0.000	0.0
20250815 11:30	13.5	13.5	13.5	37	-0.9	21	34	225	0.0	733.4	0	0.000	0.0
20250815 11:35	13.4	13.4	13.4	36	-1.3	19	31	225	0.0	733.5	0	0.000	0.0
20250815 11:40	13.4	13.4	13.4	36	-1.3	19	32	225	0.0	733.4	0	0.000	0.0
20250815 11:45	13.3	13.3	13.3	36	-1.4	19	32	225	0.0	733.4	0	0.000	0.0
20250815 11:50	13.3	13.3	13.3	36	-1.4	23	31	225	0.0	733.3	0	0.000	0.0
20250815 11:55	13.4	13.4	13.4	35	-1.7	23	35	225	0.0	733.4	0	0.000	0.0
20250815 12:00	13.4	13.4	13.4	35	-1.7	23	37	225	0.0	733.3	0	0.127	0.0
20250815 12:05	13.5	13.5	13.5	34	-2.1	26	40	225	0.0	733.3	0	0.000	0.0
20250815 12:10	13.4	13.4	13.4	34	-2.1	23	40	225	0.0	733.3	0	0.000	0.0
20250815 12:15	13.4	13.4	13.4	34	-2.2	24	37	225	0.0	733.3	0	0.000	0.0
20250815 12:20	13.4	13.4	13.4	34	-2.2	24	37	225	0.0	733.3	0	0.000	0.0
20250815 12:25	13.3	13.3	13.3	34	-2.2	26	40	225	0.0	733.2	0	0.000	0.0
20250815 12:30	13.3	13.3	13.3	33	-2.7	24	35	225	0.0	733.3	0	0.000	0.0
20250815 12:35	13.3	13.3	13.3	33	-2.6	24	35	225	0.0	733.3	0	0.000	0.0
20250815 12:40	13.4	13.4	13.4	32	-3.0	24	40	225	0.0	733.3	0	0.000	0.0
20250815 12:45	13.4	13.4	13.4	32	-3.0	23	35	225	0.0	733.4	0	0.000	0.0
20250815 12:50	13.6	13.6	13.6	31	-3.3	24	37	225	0.0	733.5	0	0.000	0.0
20250815 12:55	13.6	13.6	13.6	30	-3.7	23	35	225	0.0	733.6	0	0.000	0.0
20250815 13:00	13.7	13.7	13.7	29	-4.0	23	35	225	0.0	733.6	0	0.152	0.0
20250815 13:05	13.7	13.7	13.7	29	-4.0	21	31	225	0.0	733.7	0	0.000	0.0
20250815 13:10	13.7	13.7	13.7	28	-4.5	21	34	225	0.0	733.8	3	0.000	0.0
20250815 13:15	13.8	13.8	13.8	27	-4.9	19	29	225	0.0	733.9	7	0.000	0.0
20250815 13:20	13.8	13.8	13.8	27	-4.9	19	26	225	0.0	733.8	9	0.000	0.0
20250815 13:25	13.9	13.9	13.9	26	-5.3	21	31	225	0.0	733.8	11	0.000	0.0
20250815 13:30	14.1	14.1	14.1	26	-5.2	23	31	225	0.0	733.8	12	0.000	0.0
20250815 13:35	14.2	14.2	14.2	24	-6.1	23	32	225	0.0	733.8	14	0.000	0.0
20250815 13:40	14.2	14.2	14.2	24	-6.1	23	35	225	0.0	733.8	15	0.000	0.0
20250815 13:45	14.2	14.2	14.2	23	-6.7	23	31	225	0.0	733.8	16	0.000	0.0
20250815 13:50	14.2	14.2	14.2	22	-7.2	23	34	225	0.0	733.9	19	0.000	0.0
20250815 13:55	14.3	14.3	14.3	21	-7.8	23	29	225	0.0	733.9	28	0.000	0.0
20250815 14:00	14.3	14.3	14.3	21	-7.7	21	29	225	0.0	733.9	39	0.152	0.0
20250815 14:05	14.5	14.5	14.5	20	-8.2	21	34	225	0.0	734.0	53	0.000	0.2
20250815 14:10	14.6	14.6	14.6	19	-8.8	19	29	225	0.0	734.1	66	0.000	0.6
20250815 14:15	14.6	14.6	14.6	19	-8.8	19	32	225	0.0	734.0	79	0.000	0.7
20250815 14:20	14.7	14.7	14.7	19	-8.7	18	26	225	0.0	734.1	98	0.000	0.7
20250815 14:25	14.8	14.8	14.8	19	-8.6	21	29	225	0.0	734.1	113	0.000	0.8
20250815 14:30	14.9	14.9	14.9	18	-9.2	18	27	225	0.0	734.2	121	0.000	0.9
20250815 14:35	14.9	14.9	14.9	19	-8.5	18	26	225	0.0	734.2	128	0.000	1.1
20250815 14:40	15.1	15.1	15.1	18	-9.0	16	24	225	0.0	734.2	138	0.000	1.2
20250815 14:45	15.3	15.3	15.3	17	-9.6	16	26	225	0.0	734.2	161	0.000	1.3
20250815 14:50	15.5	15.5	15.5	17	-9.4	16	26	225	0.0	734.2	199	0.000	1.4
20250815 14:55	15.6	15.6	15.6	16	-10.1	14	24	225	0.0	734.1	221	0.000	1.6
20250815 15:00	15.7	15.7	15.7	16	-10.0	16	27	225	0.0	734.1	227	0.229	1.7
20250815 15:05	15.8	15.8	15.8	16	-10.0	14	23	225	0.0	734.1	242	0.000	1.8
20250815 15:10	15.9	15.9	15.9	16	-9.9	14	26	225	0.0	734.1	268	0.000	2.1
20250815 15:15	16.0	16.0	16.0	17	-9.0	13	21	225	0.0	734.2	279	0.000	2.2
20250815 15:20	16.1	16.1	16.1	18	-8.2	13	23	225	0.0	734.2	286	0.000	2.4
20250815 15:25	16.3	16.3	16.3	18	-8.1	10	19	225	0.0	734.3	298	0.000	2.6
20250815 15:30	16.4	16.4	16.4	17	-8.7	11	21	225	0.0	734.3	315	0.000	2.8
20250815 15:35	16.6	16.6	16.6	19	-7.1	6	13	225	0.0	734.4	336	0.000	3.0
20250815 15:40	16.7	16.7	16.7	18	-7.7	8	16	225	0.0	734.4	366	0.000	3.2
20250815 15:45	16.9	16.9	16.9	17	-8.3	6	14	202	0.0	734.5	392	0.000	3.4
20250815 15:50	17.2	17.2	17.2	18	-7.3	5	6	270	0.0	734.5	426	0.000	3.6
20250815 15:55	17.5	17.5	17.5	17	-7.8	5	13	225	0.0	734.5	464	0.000	3.9
20250815 16:00	17.6	17.6	17.6	18	-7.0	5	11	225	0.0	734.5	510	0.305	4.1
20250815 16:05	17.8	17.8	17.8	17	-7.6	5	16	202	0.0	734.6	541	0.000	4.3
20250815 16:10	17.8	17.8	17.8	17	-7.6	6	14	248	0.0	734.6	563	0.000	4.6
20250815 16:15	17.9	17.9	17.9	17	-7.5	6	11	270	0.0	734.6	582	0.000	4.8
20250815 16:20	18.2	18.2	18.2	16	-8.1	6	14	225	0.0	734.7	600	0.000	5.0
20250815 16:25	18.1	18.1	18.1	16	-8.1	6	13	248	0.0	734.7	617	0.000	5.2
20250815 16:30	18.3	18.3	18.3	16	-8.0	8	14	202	0.0	734.7	636	0.000	5.5
20250815 16:35	18.4	18.4	18.4	16	-7.9	5	13	202	0.0	734.7	656	0.000	5.7
20250815 16:40	18.6	18.6	18.6	15	-8.6	5	11	248	0.0	734.9	670	0.000	5.9
20250815 16:45	18.6	18.6	18.6	16	-7.7	5	14	225	0.0	734.8	687	0.000	6.2
20250815 16:50	18.8	18.8	18.8	15	-8.4	3	6	135	0.0	734.9	703	0.000	6.5
20250815 16:55	18.6	18.6	18.6	14	-9.4	8	16	248	0.0	734.9	716	0.000	6.7
20250815 17:00	18.5	18.5	18.5	14	-9.5	8	16	248	0.0	734.8	734	0.457	6.9
20250815 17:05	18.4	18.4	18.4	14	-9.6	5	13	225	0.0	734.9	750	0.000	7.1
20250815 17:10	18.8	18.8	18.8	15	-8.4	3	6	270	0.0	734.9	763	0.000	7.5
20250815 17:15	18.8	18.8	18.8	14	-9.2	5	16	270	0.0	734.9	776	0.000	7.7
20250815 17:20	18.8	18.8	18.8	14	-9.2	5	11	270	0.0	734.9	796	0.000	8.0
20250815 17:25	19.1	19.1	19.1	15	-8.2	3	10	225	0.0	735.0	808	0.000	8.2
20250815 17:30	19.4	19.4	19.4	16	-7.1	2	8	0	0.0	735.0	819	0.000	8.4
20250815 17:35	19.7	19.7	19.7	16	-6.8	3	8	22	0.0	735.0	835	0.000	8.7
20250815 17:40	19.7	19.7	19.7	16	-6.9	3	8	315	0.0	735.0	850	0.000	8.9
20250815 17:45	19.7	19.7	19.7	14	-8.6	5	11	292	0.0	735.1	862	0.000	9.2
20250815 17:50	19.4	19.4	19.4	16	-7.1	3	11	292	0.0	735.1	874	0.000	9.4
20250815 17:55	19.6	19.6	19.6	16	-6.9	2	6	315	0.0	735.2	883	0.000	9.6
20250815 18:00	19.8	19.8	19.8	16	-6.8	3	8	292	0.0	735.1	894	0.559	9.8
20250815 18:05	19.8	19.8	19.8	17	-6.0	3	8	292	0.0	735.1	908	0.000	10.0
20250815 18:10	19.8	19.8	19.8	18	-5.2	3	8	292	0.0	735.1	916	0.000	10.2
20250815 18:15	19.8	19.8	19.8	20	-3.8	3	6	315	0.0	735.2	927	0.000	10.4
20250815 18:20	19.6	19.6	19.6	20	-4.0	5	13	315	0.0	735.1	937	0.000	10.6
20250815 18:25	19.8	19.8	19.8	20	-3.8	3	5	202	0.0	735.2	945	0.000	10.8
20250815 18:30	19.9	19.9	19.9	18	-5.1	5	13	248	0.0	735.3	955	0.000	10.9
20250815 18:35	20.0	20.0	20.0	19	-4.3	3	10	270	0.0	735.1	965	0.000	11.1
20250815 18:40	20.3	20.3	20.3	20	-3.4	3	8	338	0.0	735.2	973	0.000	11.3
20250815 18:45	20.0	20.0	20.0	19	-4.3	5	14	315	0.0	735.2	978	0.000	11.4
20250815 18:50	19.6	19.6	19.6	20	-4.0	5	10	315	0.0	735.2	985	0.000	11.5
20250815 18:55	19.6	19.6	19.6	19	-4.6	3	11	248	0.0	735.2	992	0.000	11.7
20250815 19:00	19.8	19.8	19.8	20	-3.8	3	11	45	0.0	735.2	1001	0.635	11.8
20250815 19:05	19.8	19.8	19.8	21	-3.1	5	13	292	0.0	735.2	1006	0.000	11.9
20250815 19:10	20.1	20.1	20.1	21	-2.9	3	8	22	0.0	735.2	1009	0.000	12.0
20250815 19:15	20.4	20.4	20.4	20	-3.3	3	10	292	0.0	735.3	1017	0.000	12.1
20250815 19:20	20.4	20.4	20.4	21	-2.7	3	13	315	0.0	735.2	1023	0.000	12.2
20250815 19:25	19.9	19.9	19.9	21	-3.0	5	14	315	0.0	735.2	1025	0.000	12.2
20250815 19:30	19.7	19.7	19.7	21	-3.2	5	13	338	0.0	735.2	1031	0.000	12.3
20250815 19:35	19.6	19.6	19.6	20	-4.0	5	14	0	0.0	735.1	1034	0.000	12.3
20250815 19:40	19.4	19.4	19.4	19	-4.8	5	18	338	0.0	735.2	1036	0.000	12.3
20250815 19:45	19.5	19.5	19.5	27	-0.0	5	13	0	0.0	735.2	1037	0.000	12.4
20250815 19:50	19.7	19.7	19.7	19	-4.6	5	13	315	0.0	735.2	1039	0.000	12.4
20250815 19:55	19.6	19.6	19.6	28	0.5	5	14	338	0.0	735.2	1042	0.000	12.4
20250815 20:00	19.7	19.7	19.7	24	-1.5	5	13	315	0.0	735.2	1045	0.686	12.4
20250815 20:05	19.4	19.4	19.4	20	-4.1	6	19	315	0.0	735.2	1045	0.000	12.4
20250815 20:10	19.5	19.5	19.5	22	-2.8	3	10	0	0.0	735.2	1044	0.000	12.3
20250815 20:15	19.9	19.9	19.9	23	-1.9	3	10	0	0.0	735.2	1044	0.000	12.3
20250815 20:20	19.8	19.8	19.8	22	-2.6	6	16	315	0.0	735.2	1044	0.000	12.3
20250815 20:25	19.6	19.6	19.6	23	-2.1	5	14	0	0.0	735.2	1045	0.000	12.3
20250815 20:30	19.8	19.8	19.8	24	-1.3	3	14	315	0.0	735.2	1041	0.000	12.2
20250815 20:35	19.6	19.6	19.6	25	-1.0	6	19	0	0.0	735.1	1040	0.000	12.1
20250815 20:40	19.6	19.6	19.6	27	0.1	5	13	338	0.0	735.1	1037	0.000	12.0
20250815 20:45	19.8	19.8	19.8	26	-0.3	5	14	338	0.0	735.1	1033	0.000	11.9
20250815 20:50	19.8	19.8	19.8	25	-0.8	5	11	0	0.0	735.2	1030	0.000	11.8
20250815 20:55	19.4	19.4	19.4	26	-0.6	6	16	0	0.0	735.1	1026	0.000	11.7
20250815 21:00	19.3	19.3	19.3	27	-0.2	5	13	338	0.0	735.1	1020	0.686	11.5
20250815 21:05	19.5	19.5	19.5	30	1.5	5	16	315	0.0	735.1	1013	0.000	11.3
20250815 21:10	19.5	19.5	19.5	29	1.0	5	14	0	0.0	735.1	1008	0.000	11.2
20250815 21:15	19.6	19.6	19.6	28	0.5	5	13	248	0.0	735.1	1003	0.000	11.1
20250815 21:20	19.6	19.6	19.6	28	0.5	5	13	338	0.0	735.1	997	0.000	10.9
20250815 21:25	19.6	19.6	19.6	30	1.5	5	13	338	0.0	735.1	989	0.000	10.8
20250815 21:30	19.7	19.7	19.7	30	1.6	5	13	0	0.0	735.1	984	0.000	10.6
20250815 21:35	19.5	19.5	19.5	32	2.4	5	14	0	0.0	735.0	975	0.000	10.3
20250815 21:40	19.4	19.4	19.4	30	1.4	5	14	338	0.0	735.0	966	0.000	10.1
20250815 21:45	19.2	19.2	19.2	30	1.2	5	13	292	0.0	734.9	958	0.000	10.0
20250815 21:50	19.6	19.6	19.6	30	1.5	3	11	0	0.0	735.0	950	0.000	9.8
20250815 21:55	19.6	19.6	19.6	36	4.1	3	6	315	0.0	734.9	938	0.000	9.6
20250815 22:00	19.8	19.8	19.8	32	2.7	2	8	0	0.0	734.8	930	0.635	9.4
20250815 22:05	19.9	19.9	19.9	30	1.8	5	14	315	0.0	734.9	922	0.000	9.2
20250815 22:10	19.8	19.8	19.8	32	2.6	5	13	292	0.0	734.8	909	0.000	8.9
20250815 22:15	19.9	19.9	19.9	31	2.3	3	16	338	0.0	734.8	898	0.000	8.7
20250815 22:20	19.9	19.9	19.9	34	3.6	5	13	0	0.0	734.8	887	0.000	8.5
20250815 22:25	20.1	20.1	20.1	39	5.7	3	14	0	0.0	734.8	872	0.000	8.2
20250815 22:30	19.9	19.9	19.9	38	5.2	5	13	0	0.0	734.8	863	0.000	8.1
20250815 22:35	19.8	19.8	19.8	41	6.1	5	13	22	0.0	734.7	850	0.000	7.7
20250815 22:40	19.8	19.8	19.8	40	5.8	3	10	338	0.0	734.8	837	0.000	7.4
20250815 22:45	19.7	19.7	19.7	33	2.9	6	16	22	0.0	734.8	820	0.000	7.0
20250815 22:50	19.6	19.6	19.6	41	5.9	5	11	22	0.0	734.8	810	0.000	6.4
20250815 22:55	19.1	19.1	19.1	43	6.2	5	11	22	0.0	734.8	791	0.000	5.7
20250815 23:00	18.7	18.7	18.7	43	5.9	6	13	22	0.0	734.7	776	0.559	5.3
20250815 23:05	18.4	18.4	18.4	45	6.2	6	13	22	0.0	734.7	761	0.000	5.1
20250815 23:10	18.3	18.3	18.3	45	6.2	6	16	22	0.0	734.7	747	0.000	5.0
20250815 23:15	18.4	18.4	18.4	45	6.2	5	13	45	0.0	734.6	730	0.000	4.8
20250815 23:20	18.2	18.2	18.2	45	6.0	8	14	22	0.0	734.7	714	0.000	4.7
20250815 23:25	18.0	18.0	18.0	45	5.9	8	14	22	0.0	734.6	697	0.000	4.6
20250815 23:30	17.8	17.8	17.8	45	5.7	8	14	0	0.0	734.6	681	0.000	4.3
20250815 23:35	17.6	17.6	17.6	47	6.2	10	19	0	0.0	734.6	662	0.000	4.2
20250815 23:40	17.6	17.6	17.6	47	6.2	8	14	22	0.0	734.6	644	0.000	3.9
20250815 23:45	17.6	17.6	17.6	47	6.2	8	16	22	0.0	734.5	630	0.000	3.5
20250815 23:50	17.6	17.6	17.6	47	6.1	6	13	22	0.0	734.5	607	0.000	3.0
20250815 23:55	17.6	17.6	17.6	47	6.1	8	14	22	0.0	734.5	595	0.000	2.9
