--Timestamp---	Temp	Chill	HIndex	Humid	Dewpt	 Wind 	HiWind	WindDir	Rain 	Barom	Solar	 ET  	 UV 
--------------	----	-----	------	-----	-----	------	------	-------	-----	-----	-----	-----	----
20250623 00:00	13.3	13.3	13.3	30	-3.9	11	19	22	0.0	730.0	639	0.483	3.9
20250623 00:05	12.8	12.8	12.8	31	-3.9	13	18	45	0.0	730.0	621	0.000	3.7
20250623 00:10	12.6	12.6	12.6	31	-4.1	10	16	22	0.0	729.9	602	0.000	3.5
20250623 00:15	12.8	12.8	12.8	31	-3.9	8	16	45	0.0	729.9	587	0.000	3.3
20250623 00:20	12.9	12.9	12.9	31	-3.8	11	18	22	0.0	729.8	571	0.000	3.2
20250623 00:25	12.9	12.9	12.9	32	-3.4	11	18	45	0.0	729.9	553	0.000	3.0
20250623 00:30	12.8	12.8	12.8	32	-3.5	10	16	22	0.0	730.0	537	0.000	2.8
20250623 00:35	12.8	12.8	12.8	33	-3.0	10	14	22	0.0	729.9	515	0.000	2.6
20250623 00:40	12.7	12.7	12.7	34	-2.7	10	16	22	0.0	729.8	497	0.000	2.4
20250623 00:45	12.6	12.6	12.6	35	-2.4	10	16	22	0.0	729.7	478	0.000	2.2
20250623 00:50	12.6	12.6	12.6	35	-2.5	10	14	22	0.0	729.8	459	0.000	2.1
20250623 00:55	12.5	12.5	12.5	35	-2.5	8	16	45	0.0	729.8	442	0.000	2.0
20250623 01:00	12.4	12.4	12.4	35	-2.6	8	14	45	0.0	729.8	422	0.356	1.7
20250623 01:05	12.5	12.5	12.5	35	-2.5	6	11	45	0.0	729.9	402	0.000	1.5
20250623 01:10	12.6	12.6	12.6	36	-2.1	5	8	45	0.0	729.9	384	0.000	1.4
20250623 01:15	12.7	12.7	12.7	37	-1.6	5	8	45	0.0	729.9	364	0.000	1.3
20250623 01:20	12.6	12.6	12.6	38	-1.4	5	8	45	0.0	729.9	340	0.000	1.2
20250623 01:25	12.8	12.8	12.8	40	-0.4	2	5	45	0.0	729.8	323	0.000	1.1
20250623 01:30	13.6	13.6	13.6	41	0.6	2	5	22	0.0	729.8	308	0.000	1.0
20250623 01:35	14.2	14.2	14.2	41	1.2	2	5	0	0.0	729.7	289	0.000	0.9
20250623 01:40	14.6	14.6	14.6	38	0.4	3	6	0	0.0	729.7	267	0.000	0.8
20250623 01:45	14.8	14.8	14.8	38	0.6	3	6	0	0.0	729.8	248	0.000	0.7
20250623 01:50	15.0	15.0	15.0	38	0.8	2	5	338	0.0	729.8	227	0.000	0.6
20250623 01:55	14.9	14.9	14.9	38	0.7	2	5	338	0.0	729.8	202	0.000	0.5
20250623 02:00	14.8	14.8	14.8	40	1.3	3	8	338	0.0	729.7	183	0.203	0.2
20250623 02:05	14.7	14.7	14.7	40	1.2	2	5	338	0.0	729.7	160	0.000	0.0
20250623 02:10	14.4	14.4	14.4	41	1.4	3	11	315	0.0	729.8	137	0.000	0.0
20250623 02:15	14.2	14.2	14.2	42	1.4	3	6	292	0.0	729.8	114	0.000	0.0
20250623 02:20	13.8	13.8	13.8	47	2.7	3	8	292	0.0	729.8	91	0.000	0.0
20250623 02:25	13.4	13.4	13.4	50	3.2	5	8	248	0.0	729.8	74	0.000	0.0
20250623 02:30	13.0	13.0	13.0	53	3.6	6	11	248	0.0	729.8	54	0.000	0.0
20250623 02:35	12.5	12.5	12.5	56	4.0	8	14	248	0.0	729.8	40	0.000	0.0
20250623 02:40	12.2	12.2	12.2	54	3.2	8	14	248	0.0	729.8	29	0.000	0.0
20250623 02:45	12.1	12.1	12.1	55	3.3	6	11	225	0.0	729.8	19	0.000	0.0
20250623 02:50	11.9	11.9	11.9	54	2.9	8	13	225	0.0	729.7	11	0.000	0.0
20250623 02:55	11.7	11.7	11.7	52	2.2	8	13	225	0.0	729.8	5	0.000	0.0
20250623 03:00	11.6	11.6	11.6	54	2.6	6	10	225	0.0	729.8	0	0.076	0.0
20250623 03:05	11.3	11.3	11.3	49	1.0	6	11	248	0.0	729.7	0	0.000	0.0
20250623 03:10	11.3	11.3	11.3	47	0.4	8	13	248	0.0	729.7	0	0.000	0.0
20250623 03:15	11.4	11.4	11.4	41	-1.4	8	14	225	0.0	729.7	0	0.000	0.0
20250623 03:20	11.4	11.4	11.4	39	-2.0	10	13	225	0.0	729.7	0	0.000	0.0
20250623 03:25	11.4	11.4	11.4	36	-3.1	10	14	225	0.0	729.7	0	0.000	0.0
20250623 03:30	11.4	11.4	11.4	35	-3.5	8	13	225	0.0	729.8	0	0.000	0.0
20250623 03:35	11.4	11.4	11.4	29	-6.0	8	13	225	0.0	729.8	0	0.000	0.0
20250623 03:40	11.6	11.6	11.6	29	-5.9	10	14	225	0.0	729.9	0	0.000	0.0
20250623 03:45	11.5	11.5	11.5	31	-5.0	10	14	225	0.0	730.0	0	0.000	0.0
20250623 03:50	11.3	11.3	11.3	36	-3.2	8	11	225	0.0	730.1	0	0.000	0.0
20250623 03:55	11.2	11.2	11.2	41	-1.6	6	11	225	0.0	730.2	0	0.000	0.0
20250623 04:00	11.1	11.1	11.1	40	-2.0	6	10	225	0.0	730.3	0	0.051	0.0
20250623 04:05	11.0	11.0	11.0	40	-2.1	5	8	202	0.0	730.3	0	0.000	0.0
20250623 04:10	10.9	10.9	10.9	44	-0.9	5	8	180	0.0	730.3	0	0.000	0.0
20250623 04:15	10.8	10.8	10.8	41	-1.9	5	8	180	0.0	730.3	0	0.000	0.0
20250623 04:20	10.8	10.8	10.8	40	-2.2	3	6	180	0.0	730.5	0	0.000	0.0
20250623 04:25	10.8	10.8	10.8	41	-1.9	2	5	180	0.0	730.5	0	0.000	0.0
20250623 04:30	10.8	10.8	10.8	40	-2.2	5	10	180	0.0	730.6	0	0.000	0.0
20250623 04:35	11.0	11.0	11.0	34	-4.3	5	8	158	0.0	730.5	0	0.000	0.0
20250623 04:40	11.3	11.3	11.3	17	-12.8	5	6	158	0.0	730.6	0	0.000	0.0
20250623 04:45	11.6	11.6	11.6	11	-17.9	2	3	158	0.0	730.5	0	0.000	0.0
20250623 04:50	11.7	11.7	11.7	9	-20.2	0	2	158	0.0	730.6	0	0.000	0.0
20250623 04:55	11.8	11.8	11.8	8	-21.4	2	6	180	0.0	730.7	0	0.000	0.0
20250623 05:00	12.2	12.2	12.2	7	-22.6	5	8	225	0.0	730.7	0	0.051	0.0
20250623 05:05	12.4	12.4	12.4	7	-22.4	5	6	225	0.0	730.7	0	0.000	0.0
20250623 05:10	12.4	12.4	12.4	7	-22.4	3	5	225	0.0	730.7	0	0.000	0.0
20250623 05:15	12.4	12.4	12.4	7	-22.4	3	5	202	0.0	730.8	0	0.000	0.0
20250623 05:20	12.3	12.3	12.3	7	-22.5	3	5	202	0.0	730.6	0	0.000	0.0
20250623 05:25	12.3	12.3	12.3	7	-22.6	3	3	202	0.0	730.7	0	0.000	0.0
20250623 05:30	12.2	12.2	12.2	7	-22.6	3	5	202	0.0	730.7	0	0.000	0.0
20250623 05:35	12.1	12.1	12.1	7	-22.7	2	3	202	0.0	730.8	0	0.000	0.0
20250623 05:40	12.0	12.0	12.0	7	-22.8	3	3	202	0.0	730.7	0	0.000	0.0
20250623 05:45	12.1	12.1	12.1	7	-22.7	3	5	202	0.0	730.7	0	0.000	0.0
20250623 05:50	11.9	11.9	11.9	7	-22.8	3	5	202	0.0	730.7	0	0.000	0.0
20250623 05:55	11.9	11.9	11.9	7	-22.8	5	6	202	0.0	730.6	0	0.000	0.0
20250623 06:00	11.8	11.8	11.8	7	-22.9	5	8	202	0.0	730.6	0	0.076	0.0
20250623 06:05	11.8	11.8	11.8	7	-22.9	5	6	202	0.0	730.7	0	0.000	0.0
20250623 06:10	11.7	11.7	11.7	7	-23.0	3	6	202	0.0	730.7	0	0.000	0.0
20250623 06:15	11.6	11.6	11.6	7	-23.1	5	8	180	0.0	730.6	0	0.000	0.0
20250623 06:20	11.6	11.6	11.6	7	-23.1	5	8	202	0.0	730.6	0	0.000	0.0
20250623 06:25	11.6	11.6	11.6	8	-21.6	6	8	202	0.0	730.7	0	0.000	0.0
20250623 06:30	11.5	11.5	11.5	10	-19.1	8	13	202	0.0	730.6	0	0.000	0.0
20250623 06:35	11.3	11.3	11.3	11	-18.1	8	13	202	0.0	730.6	0	0.000	0.0
20250623 06:40	11.2	11.2	11.2	12	-17.2	8	10	202	0.0	730.6	0	0.000	0.0
20250623 06:45	11.1	11.1	11.1	13	-16.3	10	14	202	0.0	730.6	0	0.000	0.0
20250623 06:50	11.0	11.0	11.0	14	-15.5	8	14	202	0.0	730.5	0	0.000	0.0
20250623 06:55	10.9	10.9	10.9	14	-15.5	11	16	202	0.0	730.5	0	0.000	0.0
20250623 07:00	10.8	10.8	10.8	14	-15.6	13	18	202	0.0	730.5	0	0.102	0.0
20250623 07:05	10.7	10.7	10.7	14	-15.7	13	23	202	0.0	730.4	0	0.000	0.0
20250623 07:10	10.6	10.6	10.6	13	-16.7	16	23	202	0.0	730.3	0	0.000	0.0
20250623 07:15	10.5	10.5	10.5	16	-14.3	14	24	202	0.0	730.3	0	0.000	0.0
20250623 07:20	10.2	10.2	10.2	26	-8.5	16	26	202	0.0	730.3	0	0.000	0.0
20250623 07:25	9.9	7.7	9.9	35	-4.9	16	27	180	0.0	730.3	0	0.000	0.0
20250623 07:30	9.8	7.5	9.8	38	-3.9	16	24	202	0.0	730.2	0	0.000	0.0
20250623 07:35	9.7	7.5	9.7	35	-5.0	16	31	180	0.0	730.3	0	0.000	0.0
20250623 07:40	9.8	7.6	9.8	37	-4.2	16	24	202	0.0	730.2	0	0.000	0.0
20250623 07:45	9.8	7.5	9.8	38	-3.9	16	24	202	0.0	730.2	0	0.000	0.0
20250623 07:50	9.7	7.3	9.7	39	-3.6	18	24	180	0.0	730.2	0	0.000	0.0
20250623 07:55	9.7	7.5	9.7	39	-3.6	16	24	202	0.0	730.2	0	0.000	0.0
20250623 08:00	9.6	7.3	9.6	38	-4.0	16	29	202	0.0	730.2	0	0.102	0.0
20250623 08:05	9.7	7.4	9.7	36	-4.7	16	23	180	0.0	730.2	0	0.000	0.0
20250623 08:10	9.7	7.4	9.7	35	-5.1	16	26	180	0.0	730.2	0	0.000	0.0
20250623 08:15	9.7	7.8	9.7	34	-5.4	13	21	180	0.0	730.3	0	0.000	0.0
20250623 08:20	9.7	7.8	9.7	33	-5.8	13	19	180	0.0	730.2	0	0.000	0.0
20250623 08:25	9.7	7.6	9.7	33	-5.8	14	21	180	0.0	730.2	0	0.000	0.0
20250623 08:30	9.6	7.4	9.6	33	-5.9	14	26	202	0.0	730.2	0	0.000	0.0
20250623 08:35	9.4	7.1	9.4	34	-5.6	16	23	202	0.0	730.1	0	0.000	0.0
20250623 08:40	9.4	7.1	9.4	35	-5.2	16	24	202	0.0	730.1	0	0.000	0.0
20250623 08:45	9.3	7.1	9.3	35	-5.4	14	24	202	0.0	730.0	0	0.000	0.0
20250623 08:50	9.3	6.9	9.3	35	-5.4	16	24	202	0.0	730.0	0	0.000	0.0
20250623 08:55	9.3	6.7	9.3	35	-5.4	18	23	180	0.0	730.0	0	0.000	0.0
20250623 09:00	9.3	6.7	9.3	35	-5.4	18	26	180	0.0	729.9	0	0.102	0.0
20250623 09:05	9.3	6.9	9.3	35	-5.4	16	23	202	0.0	729.9	0	0.000	0.0
20250623 09:10	9.3	7.0	9.3	33	-6.1	16	23	202	0.0	729.9	0	0.000	0.0
20250623 09:15	9.6	7.2	9.6	30	-7.2	16	23	202	0.0	729.9	0	0.000	0.0
20250623 09:20	9.8	7.7	9.8	24	-9.8	14	19	202	0.0	729.9	0	0.000	0.0
20250623 09:25	9.9	7.9	9.9	22	-10.8	14	19	202	0.0	729.8	0	0.000	0.0
20250623 09:30	10.1	10.1	10.1	22	-10.6	13	19	202	0.0	729.8	0	0.000	0.0
20250623 09:35	10.1	10.1	10.1	22	-10.6	13	18	202	0.0	729.8	0	0.000	0.0
20250623 09:40	10.1	10.1	10.1	20	-11.9	11	16	202	0.0	729.8	0	0.000	0.0
20250623 09:45	10.0	10.0	10.0	20	-11.9	10	14	202	0.0	729.7	0	0.000	0.0
20250623 09:50	9.9	8.9	9.9	21	-11.4	8	13	202	0.0	729.7	0	0.000	0.0
20250623 09:55	9.9	8.9	9.9	21	-11.4	8	13	202	0.0	729.7	0	0.000	0.0
20250623 10:00	9.8	8.7	9.8	22	-10.9	8	13	202	0.0	729.7	0	0.102	0.0
20250623 10:05	9.8	8.8	9.8	20	-12.1	8	14	202	0.0	729.7	0	0.000	0.0
20250623 10:10	9.9	8.9	9.9	20	-12.0	8	11	202	0.0	729.7	0	0.000	0.0
20250623 10:15	10.1	10.1	10.1	18	-13.2	10	13	225	0.0	729.6	0	0.000	0.0
20250623 10:20	10.3	10.3	10.3	14	-16.0	13	16	225	0.0	729.6	0	0.000	0.0
20250623 10:25	10.5	10.5	10.5	14	-15.9	11	16	225	0.0	729.7	0	0.000	0.0
20250623 10:30	10.5	10.5	10.5	13	-16.8	11	14	225	0.0	729.7	0	0.000	0.0
20250623 10:35	10.4	10.4	10.4	12	-17.7	11	14	225	0.0	729.7	0	0.000	0.0
20250623 10:40	10.4	10.4	10.4	13	-16.8	11	16	225	0.0	729.6	0	0.000	0.0
20250623 10:45	10.4	10.4	10.4	13	-16.8	14	18	225	0.0	729.5	0	0.000	0.0
20250623 10:50	10.4	10.4	10.4	12	-17.8	14	18	225	0.0	729.6	0	0.000	0.0
20250623 10:55	10.4	10.4	10.4	13	-16.8	14	18	225	0.0	729.5	0	0.000	0.0
20250623 11:00	10.3	10.3	10.3	11	-18.9	13	18	225	0.0	729.5	0	0.102	0.0
20250623 11:05	10.4	10.4	10.4	10	-19.9	13	18	248	0.0	729.6	0	0.000	0.0
20250623 11:10	10.6	10.6	10.6	11	-18.7	13	18	248	0.0	729.5	0	0.000	0.0
20250623 11:15	10.6	10.6	10.6	10	-19.8	13	18	248	0.0	729.5	0	0.000	0.0
20250623 11:20	10.6	10.6	10.6	10	-19.8	13	18	225	0.0	729.4	0	0.000	0.0
20250623 11:25	10.6	10.6	10.6	9	-21.0	14	18	248	0.0	729.5	0	0.000	0.0
20250623 11:30	10.7	10.7	10.7	8	-22.2	14	19	248	0.0	729.4	0	0.000	0.0
20250623 11:35	10.7	10.7	10.7	9	-20.9	13	18	248	0.0	729.5	0	0.000	0.0
20250623 11:40	10.7	10.7	10.7	9	-20.9	13	21	225	0.0	729.4	0	0.000	0.0
20250623 11:45	10.7	10.7	10.7	9	-20.9	13	19	225	0.0	729.5	0	0.000	0.0
20250623 11:50	10.6	10.6	10.6	8	-22.3	11	14	225	0.0	729.5	0	0.000	0.0
20250623 11:55	10.6	10.6	10.6	8	-22.3	11	16	225	0.0	729.5	0	0.000	0.0
20250623 12:00	10.6	10.6	10.6	8	-22.3	11	18	248	0.0	729.5	0	0.127	0.0
20250623 12:05	10.7	10.7	10.7	8	-22.3	13	18	248	0.0	729.6	0	0.000	0.0
20250623 12:10	10.7	10.7	10.7	8	-22.3	11	16	248	0.0	729.5	0	0.000	0.0
20250623 12:15	10.6	10.6	10.6	9	-21.0	11	16	225	0.0	729.6	0	0.000	0.0
20250623 12:20	10.5	10.5	10.5	9	-21.0	11	16	225	0.0	729.5	0	0.000	0.0
20250623 12:25	10.4	10.4	10.4	9	-21.1	11	16	225	0.0	729.5	0	0.000	0.0
20250623 12:30	10.4	10.4	10.4	8	-22.5	13	18	225	0.0	729.5	0	0.000	0.0
20250623 12:35	10.4	10.4	10.4	8	-22.5	11	18	225	0.0	729.5	0	0.000	0.0
20250623 12:40	10.3	10.3	10.3	8	-22.5	11	16	225	0.0	729.6	3	0.000	0.0
20250623 12:45	10.4	10.4	10.4	8	-22.5	13	19	225	0.0	729.6	7	0.000	0.0
20250623 12:50	10.3	10.3	10.3	8	-22.5	13	19	225	0.0	729.6	9	0.000	0.0
20250623 12:55	10.3	10.3	10.3	8	-22.5	14	18	225	0.0	729.6	11	0.000	0.0
20250623 13:00	10.3	10.3	10.3	8	-22.5	13	21	225	0.0	729.7	12	0.102	0.0
20250623 13:05	10.4	10.4	10.4	8	-22.4	14	21	225	0.0	729.7	14	0.000	0.0
20250623 13:10	10.3	10.3	10.3	8	-22.5	14	21	225	0.0	729.7	15	0.000	0.0
20250623 13:15	10.3	10.3	10.3	8	-22.5	11	19	225	0.0	729.7	16	0.000	0.0
20250623 13:20	10.2	10.2	10.2	9	-21.3	13	19	225	0.0	729.7	18	0.000	0.0
20250623 13:25	10.3	10.3	10.3	9	-21.2	11	19	225	0.0	729.7	23	0.000	0.0
20250623 13:30	10.3	10.3	10.3	8	-22.5	13	19	225	0.0	729.8	36	0.000	0.0
20250623 13:35	10.3	10.3	10.3	9	-21.2	13	19	225	0.0	729.8	48	0.000	0.0
20250623 13:40	10.3	10.3	10.3	9	-21.2	14	23	225	0.0	729.8	66	0.000	0.5
20250623 13:45	10.4	10.4	10.4	9	-21.1	14	21	225	0.0	729.8	82	0.000	0.6
20250623 13:50	10.5	10.5	10.5	9	-21.0	13	19	225	0.0	729.9	103	0.000	0.6
20250623 13:55	10.6	10.6	10.6	9	-21.0	11	21	225	0.0	729.9	124	0.000	0.7
20250623 14:00	10.7	10.7	10.7	9	-20.9	11	21	225	0.0	730.0	144	0.127	0.8
20250623 14:05	10.8	10.8	10.8	9	-20.8	11	19	225	0.0	730.0	161	0.000	0.9
20250623 14:10	10.8	10.8	10.8	9	-20.8	13	21	225	0.0	730.0	187	0.000	1.0
20250623 14:15	10.9	10.9	10.9	10	-19.5	11	21	225	0.0	730.0	212	0.000	1.1
20250623 14:20	10.9	10.9	10.9	10	-19.5	10	16	225	0.0	730.2	235	0.000	1.2
20250623 14:25	11.0	11.0	11.0	10	-19.4	10	18	225	0.0	730.2	247	0.000	1.3
20250623 14:30	11.2	11.2	11.2	11	-18.2	10	19	202	0.0	730.2	250	0.000	1.4
20250623 14:35	11.3	11.3	11.3	11	-18.1	10	18	225	0.0	730.3	250	0.000	1.6
20250623 14:40	11.4	11.4	11.4	11	-18.0	10	18	202	0.0	730.4	250	0.000	1.7
20250623 14:45	11.5	11.5	11.5	11	-17.9	11	23	225	0.0	730.5	257	0.000	1.9
20250623 14:50	11.6	11.6	11.6	11	-17.9	10	19	202	0.0	730.5	281	0.000	2.0
20250623 14:55	11.7	11.7	11.7	13	-15.8	10	18	225	0.0	730.7	310	0.000	2.2
20250623 15:00	11.9	11.9	11.9	11	-17.6	10	19	225	0.0	730.6	344	0.229	2.3
20250623 15:05	12.0	12.0	12.0	11	-17.6	11	23	225	0.0	730.7	369	0.000	2.5
20250623 15:10	12.1	12.1	12.1	11	-17.5	10	21	225	0.0	730.6	382	0.000	2.7
20250623 15:15	12.2	12.2	12.2	11	-17.4	13	21	225	0.0	730.6	391	0.000	2.9
20250623 15:20	12.3	12.3	12.3	11	-17.3	10	18	225	0.0	730.7	399	0.000	3.0
20250623 15:25	12.3	12.3	12.3	11	-17.3	14	23	225	0.0	730.6	404	0.000	3.2
20250623 15:30	12.5	12.5	12.5	12	-16.1	8	14	202	0.0	730.7	412	0.000	3.4
20250623 15:35	12.7	12.7	12.7	13	-15.0	10	21	202	0.0	730.8	419	0.000	3.6
20250623 15:40	12.7	12.7	12.7	14	-14.1	14	23	225	0.0	730.8	422	0.000	3.8
20250623 15:45	12.8	12.8	12.8	14	-14.0	11	23	225	0.0	730.8	433	0.000	4.0
20250623 15:50	13.1	13.1	13.1	12	-15.7	11	23	225	0.0	730.7	446	0.000	4.1
20250623 15:55	13.4	13.4	13.4	12	-15.4	8	21	202	0.0	730.6	458	0.000	4.4
20250623 16:00	13.3	13.3	13.3	12	-15.5	11	23	225	0.0	730.6	473	0.330	4.6
20250623 16:05	13.3	13.3	13.3	9	-18.9	13	24	225	0.0	730.6	492	0.000	4.8
20250623 16:10	13.4	13.4	13.4	11	-16.4	11	21	225	0.0	730.6	512	0.000	5.0
20250623 16:15	13.6	13.6	13.6	11	-16.3	13	26	225	0.0	730.6	533	0.000	5.2
20250623 16:20	13.6	13.6	13.6	10	-17.4	13	23	225	0.0	730.6	555	0.000	5.4
20250623 16:25	13.8	13.8	13.8	11	-16.1	10	19	202	0.0	730.6	580	0.000	5.7
20250623 16:30	13.8	13.8	13.8	10	-17.3	10	26	225	0.0	730.6	606	0.000	5.9
20250623 16:35	13.8	13.8	13.8	10	-17.3	13	26	225	0.0	730.5	639	0.000	6.2
20250623 16:40	14.2	14.2	14.2	11	-15.8	8	18	202	0.0	730.5	675	0.000	6.4
20250623 16:45	14.4	14.4	14.4	11	-15.7	8	23	202	0.0	730.6	705	0.000	6.7
20250623 16:50	14.5	14.5	14.5	10	-16.8	10	23	225	0.0	730.6	736	0.000	6.9
20250623 16:55	14.1	14.1	14.1	11	-15.9	11	24	225	0.0	730.6	769	0.000	7.1
20250623 17:00	14.0	14.0	14.0	10	-17.1	14	32	225	0.0	730.8	792	0.457	7.3
20250623 17:05	14.1	14.1	14.1	11	-16.0	14	26	225	0.0	730.8	810	0.000	7.5
20250623 17:10	14.3	14.3	14.3	11	-15.8	11	23	225	0.0	730.8	827	0.000	7.8
20250623 17:15	14.6	14.6	14.6	12	-14.5	8	18	225	0.0	730.8	839	0.000	8.0
20250623 17:20	14.9	14.9	14.9	11	-15.3	11	23	225	0.0	730.8	855	0.000	8.2
20250623 17:25	14.8	14.8	14.8	11	-15.4	13	27	225	0.0	730.9	867	0.000	8.5
20250623 17:30	14.9	14.9	14.9	12	-14.2	11	26	225	0.0	731.0	879	0.000	8.8
20250623 17:35	15.2	15.2	15.2	12	-14.0	10	23	180	0.0	730.9	890	0.000	9.0
20250623 17:40	15.2	15.2	15.2	12	-14.0	8	16	225	0.0	730.9	902	0.000	9.2
20250623 17:45	15.4	15.4	15.4	12	-13.9	10	19	225	0.0	730.8	914	0.000	9.5
20250623 17:50	15.3	15.3	15.3	13	-13.0	8	14	225	0.0	730.8	927	0.000	9.7
20250623 17:55	15.7	15.7	15.7	13	-12.6	6	19	202	0.0	730.8	937	0.000	10.0
20250623 18:00	15.3	15.3	15.3	14	-12.1	11	24	225	0.0	731.1	947	0.610	10.2
20250623 18:05	15.1	15.1	15.1	15	-11.3	10	24	225	0.0	731.1	957	0.000	10.4
20250623 18:10	15.5	15.5	15.5	14	-11.9	10	26	248	0.0	731.1	966	0.000	10.7
20250623 18:15	15.1	15.1	15.1	15	-11.4	13	26	225	0.0	731.2	976	0.000	10.8
20250623 18:20	15.2	15.2	15.2	14	-12.2	11	24	225	0.0	731.1	985	0.000	11.0
20250623 18:25	15.0	15.0	15.0	15	-11.4	13	23	225	0.0	731.2	994	0.000	11.1
20250623 18:30	15.1	15.1	15.1	16	-10.6	13	29	225	0.0	731.2	1001	0.000	11.3
20250623 18:35	15.6	15.6	15.6	14	-11.8	8	23	225	0.0	731.2	1009	0.000	11.4
20250623 18:40	15.9	15.9	15.9	14	-11.6	6	13	225	0.0	731.2	1017	0.000	11.6
20250623 18:45	16.2	16.2	16.2	16	-9.7	6	14	180	0.0	731.2	1024	0.000	11.8
20250623 18:50	16.2	16.2	16.2	15	-10.4	8	18	225	0.0	731.3	1030	0.000	12.0
20250623 18:55	16.3	16.3	16.3	15	-10.4	10	19	225	0.0	731.3	1036	0.000	12.1
20250623 19:00	16.3	16.3	16.3	20	-6.7	8	19	180	0.0	731.3	1041	0.660	12.2
20250623 19:05	16.1	16.1	16.1	15	-10.5	10	23	202	0.0	731.3	1048	0.000	12.3
20250623 19:10	16.1	16.1	16.1	15	-10.5	8	13	202	0.0	731.3	1054	0.000	12.4
20250623 19:15	16.0	16.0	16.0	15	-10.6	6	14	225	0.0	731.3	1057	0.000	12.5
20250623 19:20	16.0	16.0	16.0	16	-9.8	8	24	202	0.0	731.3	1061	0.000	12.6
20250623 19:25	16.1	16.1	16.1	22	-5.6	8	18	225	0.0	731.3	1064	0.000	12.7
20250623 19:30	16.6	16.6	16.6	16	-9.4	6	14	225	0.0	731.3	1067	0.000	12.7
20250623 19:35	17.2	17.2	17.2	34	1.2	5	14	338	0.0	731.3	1070	0.000	12.8
20250623 19:40	17.1	17.1	17.1	18	-7.4	8	16	248	0.0	731.3	1072	0.000	12.9
20250623 19:45	16.9	16.9	16.9	18	-7.6	8	18	225	0.0	731.3	1074	0.000	12.9
20250623 19:50	16.2	16.2	16.2	19	-7.5	10	18	225	0.0	731.3	1075	0.000	12.9
20250623 19:55	16.5	16.5	16.5	17	-8.6	8	24	248	0.0	731.3	1078	0.000	12.9
20250623 20:00	16.9	16.9	16.9	19	-6.9	6	13	248	0.0	731.3	1077	0.711	12.9
20250623 20:05	17.1	17.1	17.1	19	-6.7	6	16	248	0.0	731.3	1079	0.000	12.9
20250623 20:10	16.9	16.9	16.9	18	-7.6	5	16	248	0.0	731.2	1077	0.000	12.8
20250623 20:15	16.8	16.8	16.8	20	-6.3	6	16	270	0.0	731.3	1079	0.000	12.8
20250623 20:20	16.8	16.8	16.8	18	-7.6	6	13	248	0.0	731.2	1078	0.000	12.8
20250623 20:25	17.1	17.1	17.1	17	-8.1	5	16	248	0.0	731.1	1075	0.000	12.7
20250623 20:30	17.4	17.4	17.4	22	-4.5	5	13	202	0.0	731.3	1073	0.000	12.7
20250623 20:35	17.6	17.6	17.6	19	-6.3	5	13	225	0.0	731.3	1074	0.000	12.6
20250623 20:40	17.7	17.7	17.7	25	-2.6	6	19	248	0.0	731.3	1074	0.000	12.5
20250623 20:45	17.3	17.3	17.3	17	-8.0	6	13	248	0.0	731.2	1071	0.000	12.4
20250623 20:50	17.4	17.4	17.4	25	-2.8	6	19	248	0.0	731.2	1070	0.000	12.3
20250623 20:55	17.3	17.3	17.3	16	-8.7	6	14	225	0.0	731.2	1064	0.000	12.2
20250623 21:00	17.3	17.3	17.3	16	-8.7	6	18	225	0.0	731.3	1062	0.686	12.1
20250623 21:05	17.4	17.4	17.4	26	-2.3	5	18	225	0.0	731.3	1057	0.000	12.0
20250623 21:10	17.7	17.7	17.7	20	-5.5	5	11	225	0.0	731.2	1053	0.000	11.8
20250623 21:15	17.6	17.6	17.6	16	-8.5	5	11	225	0.0	731.1	1046	0.000	11.7
20250623 21:20	17.4	17.4	17.4	34	1.4	3	13	45	0.0	731.2	1038	0.000	11.5
20250623 21:25	17.4	17.4	17.4	26	-2.3	3	6	158	0.0	731.2	1033	0.000	11.3
20250623 21:30	17.4	17.4	17.4	35	1.8	2	5	45	0.0	731.2	1029	0.000	11.2
20250623 21:35	17.1	17.1	17.1	38	2.6	5	14	45	0.0	731.1	1020	0.000	11.0
20250623 21:40	16.3	16.3	16.3	30	-1.3	3	8	248	0.0	731.1	1013	0.000	10.7
20250623 21:45	16.3	16.3	16.3	40	2.7	6	19	22	0.0	731.0	1003	0.000	10.5
20250623 21:50	15.5	15.5	15.5	44	3.3	10	18	45	0.0	731.1	993	0.000	10.2
20250623 21:55	14.9	14.9	14.9	48	4.0	10	18	45	0.0	731.0	978	0.000	9.9
20250623 22:00	14.4	14.4	14.4	52	4.7	10	19	0	0.0	730.8	966	0.660	9.3
20250623 22:05	14.4	14.4	14.4	56	5.8	8	14	0	0.0	730.8	951	0.000	8.7
20250623 22:10	14.3	14.3	14.3	56	5.6	8	21	22	0.0	730.7	944	0.000	8.3
20250623 22:15	13.8	13.8	13.8	56	5.2	11	19	45	0.0	730.6	935	0.000	7.9
20250623 22:20	13.6	13.6	13.6	59	5.7	11	21	22	0.0	730.6	918	0.000	7.5
20250623 22:25	13.6	13.6	13.6	61	6.2	13	21	45	0.0	730.5	911	0.000	7.2
20250623 22:30	13.4	13.4	13.4	61	6.1	11	21	45	0.0	730.6	899	0.000	6.8
20250623 22:35	13.6	13.6	13.6	62	6.4	11	21	22	0.0	730.4	887	0.000	6.7
20250623 22:40	13.6	13.6	13.6	61	6.2	8	16	22	0.0	730.5	869	0.000	6.5
20250623 22:45	13.4	13.4	13.4	63	6.5	13	21	22	0.0	730.4	863	0.000	6.4
20250623 22:50	13.6	13.6	13.6	62	6.4	6	18	45	0.0	730.4	838	0.000	6.3
20250623 22:55	13.7	13.7	13.7	62	6.5	11	21	22	0.0	730.4	832	0.000	6.1
20250623 23:00	13.4	13.4	13.4	62	6.3	11	16	22	0.0	730.4	816	0.533	6.0
20250623 23:05	13.4	13.4	13.4	63	6.5	11	21	22	0.0	730.4	801	0.000	5.9
20250623 23:10	13.4	13.4	13.4	64	6.7	11	18	22	0.0	730.4	793	0.000	5.8
20250623 23:15	13.3	13.3	13.3	64	6.7	10	19	22	0.0	730.3	780	0.000	5.8
20250623 23:20	13.2	13.2	13.2	64	6.6	11	21	0	0.0	730.3	761	0.000	5.7
20250623 23:25	13.1	13.1	13.1	64	6.5	10	16	22	0.0	730.3	744	0.000	5.5
20250623 23:30	13.1	13.1	13.1	64	6.5	6	14	45	0.0	730.2	730	0.000	5.3
20250623 23:35	13.1	13.1	13.1	64	6.5	11	18	22	0.0	730.2	711	0.000	5.1
20250623 23:40	13.1	13.1	13.1	64	6.5	8	14	22	0.0	730.2	691	0.000	4.8
20250623 23:45	13.1	13.1	13.1	63	6.2	8	14	22	0.0	730.1	678	0.000	4.6
20250623 23:50	13.1	13.1	13.1	63	6.2	11	16	22	0.0	730.1	663	0.000	4.4
20250623 23:55	13.2	13.2	13.2	63	6.3	8	16	22	0.0	730.1	651	0.000	4.2
