--Timestamp---	Temp	Chill	HIndex	Humid	Dewpt	 Wind 	HiWind	WindDir	Rain 	Barom	Solar	 ET  	 UV 
--------------	----	-----	------	-----	-----	------	------	-------	-----	-----	-----	-----	----
20250810 00:00	18.9	18.9	18.9	60	11.0	10	18	22	0.0	735.6	574	0.406	3.2
20250810 00:05	18.9	18.9	18.9	60	11.0	11	16	45	0.0	735.6	556	0.000	3.1
20250810 00:10	19.2	19.2	19.2	59	11.0	10	18	22	0.0	735.6	541	0.000	2.9
20250810 00:15	19.2	19.2	19.2	60	11.3	8	23	22	0.0	735.6	524	0.000	2.7
20250810 00:20	19.2	19.2	19.2	60	11.2	10	18	45	0.0	735.6	506	0.000	2.6
20250810 00:25	19.2	19.2	19.2	60	11.3	8	13	22	0.0	735.5	485	0.000	2.5
20250810 00:30	19.2	19.2	19.2	60	11.2	10	16	45	0.0	735.5	466	0.000	2.3
20250810 00:35	19.0	19.0	19.0	60	11.1	10	16	22	0.0	735.4	446	0.000	2.2
20250810 00:40	19.0	19.0	19.0	61	11.3	8	16	22	0.0	735.4	426	0.000	2.0
20250810 00:45	18.8	18.8	18.8	61	11.1	8	18	22	0.0	735.3	405	0.000	1.8
20250810 00:50	18.6	18.6	18.6	62	11.1	11	19	45	0.0	735.3	390	0.000	1.6
20250810 00:55	18.3	18.3	18.3	63	11.2	8	14	45	0.0	735.3	370	0.000	1.5
20250810 01:00	18.4	18.4	18.4	62	11.0	8	14	22	0.0	735.2	348	0.330	1.4
20250810 01:05	18.4	18.4	18.4	62	11.0	10	18	22	0.0	735.2	329	0.000	1.3
20250810 01:10	18.4	18.4	18.4	62	11.0	8	13	22	0.0	735.2	308	0.000	1.2
20250810 01:15	18.4	18.4	18.4	62	11.0	6	10	45	0.0	735.2	285	0.000	1.0
20250810 01:20	18.4	18.4	18.4	62	11.0	6	10	45	0.0	735.2	265	0.000	1.0
20250810 01:25	18.4	18.4	18.4	62	11.0	6	10	45	0.0	735.2	246	0.000	0.8
20250810 01:30	18.4	18.4	18.4	62	11.0	6	10	45	0.0	735.1	225	0.000	0.7
20250810 01:35	18.3	18.3	18.3	62	10.9	6	11	45	0.0	735.1	202	0.000	0.6
20250810 01:40	18.2	18.2	18.2	62	10.8	6	13	22	0.0	735.1	177	0.000	0.5
20250810 01:45	18.1	18.1	18.1	62	10.7	8	13	22	0.0	735.2	155	0.000	0.1
20250810 01:50	17.9	17.9	17.9	62	10.6	6	10	22	0.0	735.2	132	0.000	0.0
20250810 01:55	17.7	17.7	17.7	63	10.6	6	13	22	0.0	735.1	111	0.000	0.0
20250810 02:00	17.6	17.6	17.6	63	10.5	6	11	45	0.0	735.1	90	0.152	0.0
20250810 02:05	17.4	17.4	17.4	64	10.6	8	14	22	0.0	735.1	72	0.000	0.0
20250810 02:10	17.3	17.3	17.3	65	10.6	8	14	22	0.0	735.1	55	0.000	0.0
20250810 02:15	17.1	17.1	17.1	66	10.7	8	16	45	0.0	735.1	38	0.000	0.0
20250810 02:20	16.8	16.8	16.8	67	10.7	8	14	22	0.0	735.1	21	0.000	0.0
20250810 02:25	16.7	16.7	16.7	68	10.8	8	13	22	0.0	735.1	11	0.000	0.0
20250810 02:30	16.6	16.6	16.6	69	10.9	6	11	22	0.0	735.1	8	0.000	0.0
20250810 02:35	16.5	16.5	16.5	69	10.8	6	10	45	0.0	735.2	4	0.000	0.0
20250810 02:40	16.4	16.4	16.4	70	10.9	6	8	45	0.0	735.2	0	0.000	0.0
20250810 02:45	16.3	16.3	16.3	70	10.8	5	8	45	0.0	735.2	0	0.000	0.0
20250810 02:50	16.3	16.3	16.3	70	10.8	5	6	45	0.0	735.2	0	0.000	0.0
20250810 02:55	16.3	16.3	16.3	67	10.1	3	8	45	0.0	735.2	0	0.000	0.0
20250810 03:00	16.3	16.3	16.3	67	10.2	3	6	68	0.0	735.2	0	0.025	0.0
20250810 03:05	16.4	16.4	16.4	66	10.1	3	10	68	0.0	735.3	0	0.000	0.0
20250810 03:10	16.5	16.5	16.5	66	10.1	3	11	68	0.0	735.3	0	0.000	0.0
20250810 03:15	16.6	16.6	16.6	66	10.2	5	10	68	0.0	735.3	0	0.000	0.0
20250810 03:20	16.6	16.6	16.6	66	10.2	5	8	68	0.0	735.3	0	0.000	0.0
20250810 03:25	16.5	16.5	16.5	68	10.6	5	8	45	0.0	735.3	0	0.000	0.0
20250810 03:30	16.4	16.4	16.4	69	10.7	5	8	45	0.0	735.4	0	0.000	0.0
20250810 03:35	16.3	16.3	16.3	69	10.6	6	10	45	0.0	735.4	0	0.000	0.0
20250810 03:40	16.2	16.2	16.2	69	10.5	8	13	45	0.0	735.5	0	0.000	0.0
20250810 03:45	16.2	16.2	16.2	67	10.1	6	14	45	0.0	735.6	0	0.000	0.0
20250810 03:50	16.2	16.2	16.2	67	10.0	6	11	45	0.0	735.7	0	0.000	0.0
20250810 03:55	16.2	16.2	16.2	67	10.0	6	14	45	0.0	735.7	0	0.000	0.0
20250810 04:00	16.2	16.2	16.2	67	10.0	8	18	45	0.0	735.8	0	0.025	0.0
20250810 04:05	16.1	16.1	16.1	68	10.2	8	14	45	0.0	735.8	0	0.000	0.0
20250810 04:10	16.1	16.1	16.1	69	10.4	8	16	45	0.0	735.9	0	0.000	0.0
20250810 04:15	16.1	16.1	16.1	67	9.9	11	16	45	0.0	735.9	0	0.000	0.0
20250810 04:20	16.2	16.2	16.2	66	9.8	10	18	45	0.0	735.9	0	0.000	0.0
20250810 04:25	16.2	16.2	16.2	66	9.8	8	16	45	0.0	735.9	0	0.000	0.0
20250810 04:30	16.2	16.2	16.2	67	10.1	5	11	22	0.0	736.0	0	0.000	0.0
20250810 04:35	16.2	16.2	16.2	67	10.1	6	18	45	0.0	736.0	0	0.000	0.0
20250810 04:40	16.3	16.3	16.3	67	10.1	6	13	22	0.0	736.1	0	0.000	0.0
20250810 04:45	16.3	16.3	16.3	65	9.7	10	18	45	0.0	736.2	0	0.000	0.0
20250810 04:50	16.3	16.3	16.3	64	9.5	10	14	45	0.0	736.2	0	0.000	0.0
20250810 04:55	16.3	16.3	16.3	64	9.5	6	13	22	0.0	736.3	0	0.000	0.0
20250810 05:00	16.2	16.2	16.2	65	9.6	6	11	45	0.0	736.3	0	0.051	0.0
20250810 05:05	16.2	16.2	16.2	64	9.3	6	16	22	0.0	736.3	0	0.000	0.0
20250810 05:10	16.2	16.2	16.2	64	9.3	6	14	45	0.0	736.4	0	0.000	0.0
20250810 05:15	16.2	16.2	16.2	63	9.1	6	13	45	0.0	736.3	0	0.000	0.0
20250810 05:20	16.1	16.1	16.1	64	9.3	6	16	68	0.0	736.4	0	0.000	0.0
20250810 05:25	16.2	16.2	16.2	63	9.1	6	14	68	0.0	736.4	0	0.000	0.0
20250810 05:30	16.2	16.2	16.2	63	9.1	6	19	90	0.0	736.4	0	0.000	0.0
20250810 05:35	16.3	16.3	16.3	62	9.0	6	14	90	0.0	736.5	0	0.000	0.0
20250810 05:40	16.3	16.3	16.3	61	8.7	6	14	90	0.0	736.6	0	0.000	0.0
20250810 05:45	16.3	16.3	16.3	62	9.0	5	14	68	0.0	736.6	0	0.000	0.0
20250810 05:50	16.3	16.3	16.3	62	9.0	5	13	68	0.0	736.6	0	0.000	0.0
20250810 05:55	16.3	16.3	16.3	61	8.7	5	11	90	0.0	736.6	0	0.000	0.0
20250810 06:00	16.3	16.3	16.3	61	8.7	6	13	90	0.0	736.6	0	0.051	0.0
20250810 06:05	16.4	16.4	16.4	60	8.7	8	19	90	0.0	736.6	0	0.000	0.0
20250810 06:10	16.5	16.5	16.5	60	8.7	8	18	68	0.0	736.6	0	0.000	0.0
20250810 06:15	16.6	16.6	16.6	60	8.8	5	16	90	0.0	736.6	0	0.000	0.0
20250810 06:20	16.6	16.6	16.6	59	8.5	6	14	90	0.0	736.5	0	0.000	0.0
20250810 06:25	16.5	16.5	16.5	59	8.5	8	14	90	0.0	736.7	0	0.000	0.0
20250810 06:30	16.4	16.4	16.4	60	8.7	6	16	68	0.0	736.7	0	0.000	0.0
20250810 06:35	16.4	16.4	16.4	60	8.6	6	13	68	0.0	736.7	0	0.000	0.0
20250810 06:40	16.4	16.4	16.4	60	8.6	8	16	68	0.0	736.8	0	0.000	0.0
20250810 06:45	16.4	16.4	16.4	60	8.6	6	14	68	0.0	736.7	0	0.000	0.0
20250810 06:50	16.3	16.3	16.3	61	8.8	8	18	90	0.0	736.7	0	0.000	0.0
20250810 06:55	16.3	16.3	16.3	60	8.5	6	14	68	0.0	736.6	0	0.000	0.0
20250810 07:00	16.3	16.3	16.3	60	8.5	6	16	68	0.0	736.6	0	0.051	0.0
20250810 07:05	16.3	16.3	16.3	60	8.5	8	23	45	0.0	736.6	0	0.000	0.0
20250810 07:10	16.4	16.4	16.4	60	8.6	6	18	68	0.0	736.6	0	0.000	0.0
20250810 07:15	16.3	16.3	16.3	61	8.8	5	13	45	0.0	736.7	0	0.000	0.0
20250810 07:20	16.3	16.3	16.3	61	8.7	5	13	90	0.0	736.6	0	0.000	0.0
20250810 07:25	16.2	16.2	16.2	61	8.7	6	19	68	0.0	736.6	0	0.000	0.0
20250810 07:30	16.3	16.3	16.3	61	8.7	6	16	90	0.0	736.6	0	0.000	0.0
20250810 07:35	16.3	16.3	16.3	61	8.8	6	16	90	0.0	736.5	0	0.000	0.0
20250810 07:40	16.3	16.3	16.3	61	8.8	6	16	90	0.0	736.5	0	0.000	0.0
20250810 07:45	16.3	16.3	16.3	61	8.8	10	21	90	0.0	736.4	0	0.000	0.0
20250810 07:50	16.4	16.4	16.4	61	8.8	8	19	68	0.0	736.4	0	0.000	0.0
20250810 07:55	16.3	16.3	16.3	61	8.8	6	16	68	0.0	736.4	0	0.000	0.0
20250810 08:00	16.3	16.3	16.3	61	8.8	6	18	90	0.0	736.3	0	0.051	0.0
20250810 08:05	16.3	16.3	16.3	60	8.5	6	19	45	0.0	736.4	0	0.000	0.0
20250810 08:10	16.3	16.3	16.3	60	8.5	5	13	68	0.0	736.4	0	0.000	0.0
20250810 08:15	16.2	16.2	16.2	61	8.6	6	16	135	0.0	736.4	0	0.000	0.0
20250810 08:20	16.2	16.2	16.2	61	8.6	5	13	112	0.0	736.6	0	0.000	0.0
20250810 08:25	16.2	16.2	16.2	61	8.6	6	14	90	0.0	736.5	0	0.000	0.0
20250810 08:30	16.1	16.1	16.1	61	8.6	5	14	90	0.0	736.5	0	0.000	0.0
20250810 08:35	16.1	16.1	16.1	59	8.1	6	18	90	0.0	736.3	0	0.000	0.0
20250810 08:40	16.2	16.2	16.2	57	7.7	6	16	68	0.0	736.3	0	0.000	0.0
20250810 08:45	16.3	16.3	16.3	59	8.2	6	16	90	0.0	736.3	0	0.000	0.0
20250810 08:50	16.2	16.2	16.2	62	8.9	5	13	112	0.0	736.1	0	0.000	0.0
20250810 08:55	15.9	15.9	15.9	64	9.1	6	18	248	0.0	736.1	0	0.000	0.0
20250810 09:00	15.6	15.6	15.6	66	9.3	8	23	22	0.0	736.2	0	0.051	0.0
20250810 09:05	15.3	15.3	15.3	66	9.0	8	16	68	0.0	736.2	0	0.000	0.0
20250810 09:10	15.1	15.1	15.1	68	9.2	8	16	68	0.0	736.0	0	0.000	0.0
20250810 09:15	15.0	15.0	15.0	67	8.9	11	23	45	0.0	735.8	0	0.000	0.0
20250810 09:20	15.1	15.1	15.1	64	8.3	6	16	90	0.0	735.8	0	0.000	0.0
20250810 09:25	15.2	15.2	15.2	66	8.9	6	16	90	0.0	736.1	0	0.000	0.0
20250810 09:30	15.1	15.1	15.1	66	8.8	6	13	90	0.0	736.0	0	0.000	0.0
20250810 09:35	14.9	14.9	14.9	67	8.9	6	11	202	0.0	736.1	0	0.000	0.0
20250810 09:40	14.7	14.7	14.7	68	8.9	5	11	180	0.0	736.1	0	0.000	0.0
20250810 09:45	14.6	14.6	14.6	65	8.1	6	14	180	0.0	736.0	0	0.000	0.0
20250810 09:50	15.4	15.4	15.4	54	6.1	10	14	135	0.0	735.9	0	0.000	0.0
20250810 09:55	16.1	16.1	16.1	53	6.5	8	13	158	0.0	735.9	0	0.000	0.0
20250810 10:00	16.3	16.3	16.3	55	7.2	3	8	180	0.0	735.9	0	0.051	0.0
20250810 10:05	16.3	16.3	16.3	51	6.1	6	14	158	0.0	735.9	0	0.000	0.0
20250810 10:10	16.6	16.6	16.6	50	6.1	5	6	135	0.0	735.8	0	0.000	0.0
20250810 10:15	16.6	16.6	16.6	53	7.0	2	8	135	0.0	735.9	0	0.000	0.0
20250810 10:20	16.7	16.7	16.7	50	6.2	5	8	135	0.0	735.8	0	0.000	0.0
20250810 10:25	16.8	16.8	16.8	49	6.0	2	5	90	0.0	735.8	0	0.000	0.0
20250810 10:30	16.8	16.8	16.8	48	5.8	2	6	90	0.0	735.7	0	0.000	0.0
20250810 10:35	16.9	16.9	16.9	50	6.4	5	11	45	0.0	735.9	0	0.000	0.0
20250810 10:40	16.9	16.9	16.9	50	6.4	3	8	45	0.0	735.9	0	0.000	0.0
20250810 10:45	16.8	16.8	16.8	49	6.0	3	6	135	0.0	735.9	0	0.000	0.0
20250810 10:50	16.8	16.8	16.8	48	5.8	2	3	135	0.0	735.9	0	0.000	0.0
20250810 10:55	17.0	17.0	17.0	48	5.9	3	5	135	0.0	735.9	0	0.000	0.0
20250810 11:00	17.1	17.1	17.1	48	6.0	2	3	135	0.0	735.9	0	0.051	0.0
20250810 11:05	17.1	17.1	17.1	48	6.0	0	3	135	0.0	735.9	0	0.000	0.0
20250810 11:10	17.0	17.0	17.0	50	6.5	3	8	45	0.0	735.9	0	0.000	0.0
20250810 11:15	16.7	16.7	16.7	52	6.8	3	6	0	0.0	735.9	0	0.000	0.0
20250810 11:20	16.6	16.6	16.6	52	6.7	3	5	0	0.0	735.9	0	0.000	0.0
20250810 11:25	16.5	16.5	16.5	50	6.0	2	5	0	0.0	736.0	0	0.000	0.0
20250810 11:30	16.7	16.7	16.7	51	6.5	3	5	68	0.0	735.9	0	0.000	0.0
20250810 11:35	16.7	16.7	16.7	51	6.5	3	6	68	0.0	736.0	0	0.000	0.0
20250810 11:40	16.6	16.6	16.6	52	6.7	5	8	22	0.0	736.0	0	0.000	0.0
20250810 11:45	16.4	16.4	16.4	53	6.8	5	13	22	0.0	736.2	0	0.000	0.0
20250810 11:50	16.3	16.3	16.3	54	7.0	5	6	45	0.0	736.2	0	0.000	0.0
20250810 11:55	16.2	16.2	16.2	54	6.8	5	13	45	0.0	736.3	0	0.000	0.0
20250810 12:00	16.0	16.0	16.0	56	7.2	5	10	45	0.0	736.3	0	0.051	0.0
20250810 12:05	15.9	15.9	15.9	56	7.2	5	8	45	0.0	736.4	0	0.000	0.0
20250810 12:10	15.9	15.9	15.9	55	6.9	5	8	68	0.0	736.4	0	0.000	0.0
20250810 12:15	15.9	15.9	15.9	53	6.4	3	8	112	0.0	736.4	0	0.000	0.0
20250810 12:20	15.9	15.9	15.9	54	6.6	3	8	45	0.0	736.4	0	0.000	0.0
20250810 12:25	15.9	15.9	15.9	54	6.6	3	10	90	0.0	736.4	0	0.000	0.0
20250810 12:30	16.0	16.0	16.0	53	6.4	3	6	68	0.0	736.5	0	0.000	0.0
20250810 12:35	16.1	16.1	16.1	54	6.7	2	6	68	0.0	736.5	0	0.000	0.0
20250810 12:40	16.1	16.1	16.1	54	6.7	3	8	45	0.0	736.5	0	0.000	0.0
20250810 12:45	16.1	16.1	16.1	54	6.7	3	5	45	0.0	736.5	0	0.000	0.0
20250810 12:50	16.1	16.1	16.1	55	7.0	5	10	45	0.0	736.6	0	0.000	0.0
20250810 12:55	16.0	16.0	16.0	54	6.7	2	6	45	0.0	736.6	0	0.000	0.0
20250810 13:00	16.0	16.0	16.0	54	6.7	2	6	22	0.0	736.6	0	0.025	0.0
20250810 13:05	16.0	16.0	16.0	55	7.0	3	5	22	0.0	736.6	0	0.000	0.0
20250810 13:10	16.0	16.0	16.0	55	7.0	2	5	22	0.0	736.6	3	0.000	0.0
20250810 13:15	15.9	15.9	15.9	56	7.2	2	8	22	0.0	736.6	6	0.000	0.0
20250810 13:20	16.0	16.0	16.0	57	7.5	5	10	45	0.0	736.5	9	0.000	0.0
20250810 13:25	16.0	16.0	16.0	57	7.5	5	8	45	0.0	736.6	12	0.000	0.0
20250810 13:30	16.1	16.1	16.1	57	7.5	6	10	45	0.0	736.6	17	0.000	0.0
20250810 13:35	16.0	16.0	16.0	57	7.5	6	13	45	0.0	736.6	22	0.000	0.0
20250810 13:40	16.0	16.0	16.0	58	7.7	6	10	22	0.0	736.6	25	0.000	0.0
20250810 13:45	16.0	16.0	16.0	58	7.7	6	10	45	0.0	736.7	35	0.000	0.0
20250810 13:50	16.0	16.0	16.0	59	8.0	6	10	45	0.0	736.6	42	0.000	0.0
20250810 13:55	15.9	15.9	15.9	59	7.9	6	11	45	0.0	736.6	50	0.000	0.0
20250810 14:00	15.9	15.9	15.9	59	7.9	6	11	22	0.0	736.6	56	0.051	0.0
20250810 14:05	16.0	16.0	16.0	59	8.0	5	10	45	0.0	736.7	66	0.000	0.0
20250810 14:10	16.0	16.0	16.0	59	8.0	5	8	45	0.0	736.8	76	0.000	0.0
20250810 14:15	16.1	16.1	16.1	59	8.0	6	13	22	0.0	736.8	95	0.000	0.3
20250810 14:20	16.2	16.2	16.2	59	8.1	8	11	22	0.0	736.8	131	0.000	0.6
20250810 14:25	16.4	16.4	16.4	59	8.4	6	10	22	0.0	737.0	194	0.000	0.8
20250810 14:30	16.9	16.9	16.9	58	8.6	6	14	22	0.0	737.0	238	0.000	0.9
20250810 14:35	17.3	17.3	17.3	57	8.7	8	13	22	0.0	737.0	254	0.000	1.1
20250810 14:40	17.6	17.6	17.6	57	9.0	6	14	22	0.0	737.0	233	0.000	1.2
20250810 14:45	17.8	17.8	17.8	56	8.9	6	14	22	0.0	737.2	195	0.000	1.3
20250810 14:50	17.9	17.9	17.9	56	9.0	6	14	22	0.0	737.0	188	0.000	1.4
20250810 14:55	18.0	18.0	18.0	57	9.3	5	10	0	0.0	737.2	191	0.000	1.5
20250810 15:00	18.2	18.2	18.2	56	9.2	8	16	22	0.0	737.2	226	0.127	1.7
20250810 15:05	18.2	18.2	18.2	56	9.3	6	13	22	0.0	737.3	249	0.000	1.8
20250810 15:10	18.2	18.2	18.2	56	9.2	8	18	22	0.0	737.3	254	0.000	2.0
20250810 15:15	18.1	18.1	18.1	57	9.5	6	14	22	0.0	737.2	263	0.000	2.2
20250810 15:20	18.1	18.1	18.1	57	9.4	6	13	22	0.0	737.2	259	0.000	2.3
20250810 15:25	18.2	18.2	18.2	56	9.2	8	14	22	0.0	737.3	337	0.000	2.6
20250810 15:30	18.2	18.2	18.2	56	9.2	8	19	22	0.0	737.3	326	0.000	2.8
20250810 15:35	18.3	18.3	18.3	57	9.6	8	16	22	0.0	737.3	324	0.000	2.9
20250810 15:40	18.4	18.4	18.4	56	9.4	6	18	45	0.0	737.3	336	0.000	3.1
20250810 15:45	18.4	18.4	18.4	56	9.4	8	19	22	0.0	737.4	357	0.000	3.2
20250810 15:50	18.4	18.4	18.4	56	9.4	8	19	22	0.0	737.4	382	0.000	3.5
20250810 15:55	18.3	18.3	18.3	56	9.4	10	18	45	0.0	737.4	412	0.000	3.7
20250810 16:00	18.3	18.3	18.3	57	9.6	10	18	22	0.0	737.4	447	0.229	3.9
20250810 16:05	18.4	18.4	18.4	57	9.7	8	14	0	0.0	737.3	483	0.000	4.1
20250810 16:10	18.4	18.4	18.4	56	9.5	8	14	22	0.0	737.3	519	0.000	4.3
20250810 16:15	18.6	18.6	18.6	56	9.7	6	13	22	0.0	737.4	548	0.000	4.5
20250810 16:20	18.7	18.7	18.7	56	9.8	6	14	0	0.0	737.4	570	0.000	4.8
20250810 16:25	18.8	18.8	18.8	56	9.8	6	11	22	0.0	737.4	588	0.000	5.0
20250810 16:30	18.7	18.7	18.7	56	9.7	6	16	22	0.0	737.5	604	0.000	5.2
20250810 16:35	18.7	18.7	18.7	56	9.7	6	13	22	0.0	737.5	620	0.000	5.4
20250810 16:40	18.8	18.8	18.8	56	9.8	6	14	22	0.0	737.6	638	0.000	5.7
20250810 16:45	19.0	19.0	19.0	56	10.0	5	13	22	0.0	737.6	662	0.000	5.9
20250810 16:50	19.4	19.4	19.4	55	10.1	3	14	45	0.0	737.6	695	0.000	6.3
20250810 16:55	19.5	19.5	19.5	55	10.2	6	16	45	0.0	737.6	711	0.000	6.6
20250810 17:00	19.3	19.3	19.3	55	10.0	8	16	22	0.0	737.7	764	0.406	7.0
20250810 17:05	19.1	19.1	19.1	56	10.1	8	14	22	0.0	737.6	820	0.000	7.3
20250810 17:10	19.2	19.2	19.2	56	10.2	6	16	45	0.0	737.7	810	0.000	7.5
20250810 17:15	19.1	19.1	19.1	55	9.9	6	13	45	0.0	737.6	786	0.000	7.5
20250810 17:20	19.1	19.1	19.1	56	10.1	8	19	22	0.0	737.7	790	0.000	7.7
20250810 17:25	19.2	19.2	19.2	55	10.0	6	14	0	0.0	737.7	791	0.000	7.9
20250810 17:30	19.0	19.0	19.0	56	10.0	8	14	22	0.0	737.7	781	0.000	7.9
20250810 17:35	18.8	18.8	18.8	57	10.1	10	21	22	0.0	737.7	796	0.000	8.2
20250810 17:40	18.7	18.7	18.7	57	10.0	11	19	22	0.0	737.7	823	0.000	8.5
20250810 17:45	18.8	18.8	18.8	57	10.1	10	18	22	0.0	737.7	921	0.000	9.2
20250810 17:50	18.7	18.7	18.7	56	9.8	10	21	45	0.0	737.7	859	0.000	9.0
20250810 17:55	18.6	18.6	18.6	57	9.9	8	18	22	0.0	737.7	865	0.000	9.2
20250810 18:00	18.7	18.7	18.7	57	10.0	8	16	45	0.0	737.7	988	0.559	9.8
20250810 18:05	18.5	18.5	18.5	57	9.8	11	21	45	0.0	737.8	634	0.000	8.3
20250810 18:10	18.4	18.4	18.4	58	10.0	10	16	22	0.0	737.7	1104	0.000	8.9
20250810 18:15	18.7	18.7	18.7	57	10.0	8	14	22	0.0	737.7	1109	0.000	8.5
20250810 18:20	18.7	18.7	18.7	57	10.0	6	13	22	0.0	737.8	438	0.000	5.9
20250810 18:25	18.7	18.7	18.7	57	10.0	3	6	22	0.0	737.8	419	0.000	5.8
20250810 18:30	18.8	18.8	18.8	56	9.9	6	14	45	0.0	737.8	817	0.000	9.3
20250810 18:35	19.2	19.2	19.2	55	9.9	5	14	45	0.0	737.8	974	0.000	8.7
20250810 18:40	19.2	19.2	19.2	56	10.2	3	14	158	0.0	737.8	332	0.000	5.3
20250810 18:45	19.0	19.0	19.0	56	10.0	8	14	22	0.0	737.8	434	0.000	9.2
20250810 18:50	19.2	19.2	19.2	57	10.5	8	19	22	0.0	737.8	1117	0.000	10.2
20250810 18:55	19.2	19.2	19.2	55	9.9	8	14	0	0.0	737.8	1068	0.000	11.2
20250810 19:00	19.3	19.3	19.3	56	10.3	8	14	22	0.0	737.8	1073	0.483	11.8
20250810 19:05	19.6	19.6	19.6	55	10.3	6	18	22	0.0	737.9	1070	0.000	9.7
20250810 19:10	19.4	19.4	19.4	55	10.1	10	16	45	0.0	737.9	975	0.000	10.6
20250810 19:15	19.6	19.6	19.6	55	10.3	8	18	22	0.0	737.8	1170	0.000	12.7
20250810 19:20	19.7	19.7	19.7	54	10.1	8	18	22	0.0	737.8	1053	0.000	10.6
20250810 19:25	19.6	19.6	19.6	54	10.0	8	18	22	0.0	737.8	1080	0.000	12.4
20250810 19:30	19.4	19.4	19.4	55	10.1	10	19	22	0.0	737.8	1041	0.000	12.1
20250810 19:35	19.2	19.2	19.2	55	10.0	11	21	45	0.0	737.8	1035	0.000	12.1
20250810 19:40	19.2	19.2	19.2	56	10.2	8	14	45	0.0	737.8	1020	0.000	12.1
20250810 19:45	19.3	19.3	19.3	54	9.8	8	16	22	0.0	737.7	1007	0.000	12.0
20250810 19:50	19.2	19.2	19.2	55	10.0	10	19	45	0.0	737.7	1007	0.000	12.0
20250810 19:55	19.0	19.0	19.0	55	9.7	10	19	22	0.0	737.8	1010	0.000	12.0
20250810 20:00	19.2	19.2	19.2	56	10.2	10	18	22	0.0	737.8	1010	0.660	12.0
20250810 20:05	19.2	19.2	19.2	54	9.7	13	21	22	0.0	737.7	1032	0.000	11.6
20250810 20:10	19.1	19.1	19.1	56	10.1	13	19	22	0.0	737.7	1024	0.000	12.0
20250810 20:15	19.2	19.2	19.2	55	9.9	11	21	22	0.0	737.6	1018	0.000	11.9
20250810 20:20	18.9	18.9	18.9	55	9.7	13	24	45	0.0	737.5	1022	0.000	11.9
20250810 20:25	18.8	18.8	18.8	55	9.6	11	24	22	0.0	737.5	1029	0.000	11.8
20250810 20:30	18.9	18.9	18.9	55	9.7	13	21	45	0.0	737.6	1035	0.000	11.7
20250810 20:35	19.0	19.0	19.0	55	9.7	13	24	22	0.0	737.6	1074	0.000	11.9
20250810 20:40	19.1	19.1	19.1	55	9.9	13	23	22	0.0	737.6	1040	0.000	11.7
20250810 20:45	18.9	18.9	18.9	55	9.7	11	21	22	0.0	737.5	1027	0.000	11.6
20250810 20:50	19.1	19.1	19.1	57	10.3	10	23	22	0.0	737.5	1038	0.000	11.6
20250810 20:55	19.3	19.3	19.3	56	10.3	11	24	45	0.0	737.5	1069	0.000	11.6
20250810 21:00	19.4	19.4	19.4	57	10.7	8	21	22	0.0	737.5	1024	0.686	11.3
20250810 21:05	19.6	19.6	19.6	59	11.4	8	21	22	0.0	737.4	1009	0.000	11.1
20250810 21:10	19.5	19.5	19.5	61	11.8	8	21	0	0.0	737.4	995	0.000	10.9
20250810 21:15	19.5	19.5	19.5	63	12.3	10	24	22	0.0	737.4	991	0.000	10.8
20250810 21:20	19.2	19.2	19.2	65	12.5	11	21	0	0.0	737.3	998	0.000	10.7
20250810 21:25	19.2	19.2	19.2	65	12.5	10	23	45	0.0	737.3	1008	0.000	10.6
20250810 21:30	18.9	18.9	18.9	65	12.2	13	26	45	0.0	737.3	792	0.000	9.4
20250810 21:35	18.7	18.7	18.7	67	12.4	13	29	22	0.0	737.3	1045	0.000	10.6
20250810 21:40	18.5	18.5	18.5	67	12.3	14	29	22	0.0	737.2	1018	0.000	9.8
20250810 21:45	18.5	18.5	18.5	67	12.3	13	21	22	0.0	737.2	1021	0.000	10.1
20250810 21:50	18.7	18.7	18.7	67	12.5	13	26	22	0.0	737.2	1029	0.000	9.7
20250810 21:55	18.8	18.8	18.8	68	12.7	10	19	22	0.0	737.1	1047	0.000	9.3
20250810 22:00	18.6	18.6	18.6	69	12.8	13	24	22	0.0	737.2	979	0.635	9.4
20250810 22:05	18.6	18.6	18.6	69	12.8	13	23	22	0.0	737.1	991	0.000	9.3
20250810 22:10	18.6	18.6	18.6	71	13.2	13	21	22	0.0	737.0	977	0.000	9.0
20250810 22:15	18.5	18.5	18.5	69	12.7	11	26	45	0.0	737.3	1066	0.000	9.0
20250810 22:20	18.8	18.8	18.8	70	13.2	11	21	22	0.0	737.1	1069	0.000	8.9
20250810 22:25	19.1	19.1	19.1	71	13.7	10	18	22	0.0	737.0	1071	0.000	8.5
20250810 22:30	19.2	19.2	19.2	71	13.8	10	21	22	0.0	736.9	990	0.000	7.4
20250810 22:35	18.7	18.7	18.7	74	13.9	11	24	45	0.0	737.0	899	0.000	5.4
20250810 22:40	18.2	18.2	18.2	78	14.3	6	16	22	0.0	736.9	631	0.000	3.9
20250810 22:45	17.9	17.9	17.9	77	13.8	6	14	22	0.0	736.9	235	0.000	2.3
20250810 22:50	17.3	17.3	17.3	79	13.6	10	19	45	0.0	736.9	152	0.000	1.7
20250810 22:55	16.8	16.8	16.8	80	13.4	8	14	45	0.0	737.0	136	0.000	1.5
20250810 23:00	16.7	16.7	16.7	81	13.4	8	13	22	0.0	736.9	150	0.432	1.8
20250810 23:05	16.7	16.7	16.7	81	13.4	10	18	22	0.0	736.9	196	0.000	2.2
20250810 23:10	16.8	16.8	16.8	80	13.3	11	19	22	0.0	736.9	281	0.000	2.8
20250810 23:15	16.9	16.9	16.9	81	13.6	10	18	22	0.0	736.8	387	0.000	3.2
20250810 23:20	16.9	16.9	16.9	81	13.7	10	14	22	0.0	736.8	299	0.000	3.1
20250810 23:25	17.0	17.0	17.0	81	13.7	10	16	22	0.0	736.8	374	0.000	3.7
20250810 23:30	17.3	17.3	17.3	80	13.8	11	18	22	0.0	736.7	690	0.000	4.1
20250810 23:35	17.6	17.6	17.6	80	14.1	11	21	22	0.0	736.7	710	0.000	4.1
20250810 23:40	17.7	17.7	17.7	79	14.0	11	19	22	0.0	736.6	728	0.000	3.6
20250810 23:45	17.8	17.8	17.8	78	13.9	11	19	22	0.0	736.6	676	0.000	3.6
20250810 23:50	17.9	17.9	17.9	78	14.0	11	21	22	0.0	736.6	684	0.000	3.4
20250810 23:55	17.7	17.7	17.7	78	13.8	11	21	22	0.0	736.7	264	0.000	2.5
